allele	pos	near	far	med
A	28	0.6000	0.5000	0.3500
A	30	0.6000	0.5000	0.5500
A	32	0.8000	0.7500	0.9000
A	43	0.8000	0.5000	0.8000
A	51	0.6000	0.5000	0.3000
A	55	0.8000	0.7500	0.9000
A	56	0.6000	0.5000	0.1000
A	57	0.8000	0.7500	0.8500
A	62	0.6000	0.7500	0.7500
A	63	0.8000	0.5000	0.9000
A	64	0.6000	0.5000	0.1500
A	66	0.8000	0.7500	0.9000
A	67	0.8000	0.5000	0.3000
A	70	0.8000	0.7500	0.9000
A	71	0.8000	0.7500	0.9000
A	72	0.6667	0.5000	0.2000
A	73	0.8000	0.7500	0.9000
A	74	0.6667	0.5000	0.1500
A	79	0.6000	0.7500	0.7500
A	80	0.8000	0.5000	0.8500
A	83	0.6667	0.5000	0.4000
A	84	0.6000	0.7500	0.7500
A	85	0.6667	0.5000	0.2000
A	86	0.6000	0.7500	0.6000
A	88	0.6000	0.5000	0.3000
A	89	0.6667	0.5000	0.1500
A	90	0.6000	0.5000	0.3000
A	92	0.6000	0.5000	0.4500
A	93	0.6667	0.5000	0.4000
A	95	0.6000	0.5000	0.7500
A	96	0.8000	0.5000	0.8500
A	98	0.8000	0.7500	0.8500
A	99	0.8000	0.7500	0.8000
A	102	0.8000	0.5000	0.8000
A	103	0.6000	0.5000	0.5500
A	105	0.8000	0.7500	0.9000
A	106	0.8000	0.5000	0.5000
A	107	0.8000	0.7500	0.8000
A	108	0.8000	0.7500	0.9000
A	109	0.6667	0.5000	0.5000
A	110	0.8000	0.5000	0.3000
A	111	0.8000	0.7500	0.9000
A	115	0.8000	0.7500	0.9000
A	116	0.6667	0.5000	0.1500
A	117	0.6667	0.5000	0.3000
A	118	0.8000	0.7500	0.7500
A	119	0.6667	0.7500	0.7000
A	120	0.6000	0.7500	0.5000
A	121	0.6667	0.7500	0.1000
A	122	0.8000	0.5000	0.8000
A	123	0.6000	0.5000	0.3000
A	125	0.8000	0.5000	0.9500
A	126	0.8000	0.5000	0.8000
A	127	0.8000	0.5000	0.8000
A	128	0.6000	0.7500	0.9000
A	129	0.6667	0.5000	0.1000
A	130	0.6000	0.5000	0.1000
A	131	0.6000	0.7500	0.9000
A	133	0.8000	0.7500	0.6500
A	135	0.8000	0.5000	0.8500
A	136	0.8000	0.5000	0.6500
A	139	0.6000	0.7500	0.9000
A	140	0.6000	0.5000	0.2500
A	143	0.8000	0.5000	0.7000
A	144	0.6667	0.5000	0.1500
A	145	0.6667	0.5000	0.1000
A	146	0.6000	0.5000	0.7500
A	147	0.6667	0.5000	0.2000
A	148	0.6667	0.5000	0.2500
A	149	0.8000	0.7500	0.9000
A	151	0.6667	0.5000	0.4000
A	152	0.6667	0.5000	0.2500
A	153	0.6000	0.5000	0.2500
A	155	0.8000	0.5000	0.7500
A	156	0.6000	0.5000	0.2500
A	157	0.8000	0.5000	0.7500
A	158	0.8000	0.7500	0.9000
A	159	0.6000	0.5000	0.2000
A	160	0.6000	0.5000	0.3000
A	162	0.8000	0.7500	0.8500
A	163	0.6000	0.5000	0.1500
A	167	0.8000	0.7500	0.7500
A	168	0.6000	0.7500	0.9000
A	169	0.8000	0.5000	0.5500
A	170	0.6000	0.5000	0.4000
A	171	0.6000	0.5000	0.3500
A	173	0.8000	0.5000	0.6000
A	174	0.6000	0.5000	0.3000
A	177	0.6000	0.5000	0.9500
A	178	0.8000	0.5000	0.2500
A	181	0.6000	0.5000	0.1000
A	182	0.8000	0.5000	0.6000
A	184	0.6000	0.5000	0.6000
A	185	0.6000	0.7500	0.5000
A	186	0.8000	0.5000	0.6500
A	187	0.6000	0.7500	0.9500
A	188	0.8000	0.5000	0.7500
A	189	0.6000	0.5000	0.1000
A	191	0.8000	0.5000	0.4500
A	193	0.8000	0.7500	0.9000
A	195	0.8000	0.5000	0.6500
A	196	0.8000	0.5000	0.6500
A	197	0.8000	0.5000	0.7000
A	199	0.8000	0.5000	0.3500
A	200	0.8000	0.7500	0.9000
A	201	0.8000	0.5000	0.8500
A	203	0.8000	0.5000	0.9000
A	207	0.8000	0.7500	0.9000
A	209	0.8000	0.7500	0.8000
A	211	0.6000	0.7500	0.9500
A	213	0.8000	0.5000	0.6000
A	216	0.6000	0.5000	0.5500
A3	28	0.6667	0.5000	0.3333
A3	30	0.6667	0.5000	0.3333
A3	32	0.7500	0.7500	0.9048
A3	43	0.7500	0.7500	0.7619
A3	51	0.7500	0.5000	0.6190
A3	55	0.7500	0.7500	0.9048
A3	56	0.7500	0.5000	0.8571
A3	57	0.7500	0.7500	0.8571
A3	62	0.7500	0.7500	0.7143
A3	63	0.7500	0.7500	0.8571
A3	64	0.7500	0.5000	0.7143
A3	66	0.7500	0.7500	0.9048
A3	67	0.7500	0.5000	0.4286
A3	70	0.6667	0.7500	0.9524
A3	71	0.6667	0.7500	0.9524
A3	72	0.7500	0.5000	0.7619
A3	73	0.7500	0.7500	0.9048
A3	74	0.7500	0.5000	0.3810
A3	79	0.6667	0.5000	0.1905
A3	80	0.7500	0.5000	0.8571
A3	82	0.6667	0.5000	0.0952
A3	83	0.6667	0.5000	0.2857
A3	84	0.7500	0.7500	0.7143
A3	85	0.6667	0.5000	0.4286
A3	86	0.6667	0.5000	0.6667
A3	89	0.6667	0.5000	0.2857
A3	90	0.6667	0.5000	0.1905
A3	91	0.6667	0.5000	0.5714
A3	92	0.6667	0.5000	0.0952
A3	93	0.7500	0.5000	0.2857
A3	95	0.7500	0.7500	0.6667
A3	96	0.7500	0.7500	0.8095
A3	98	0.7500	0.7500	0.8571
A3	99	0.7500	0.7500	0.8095
A3	102	0.7500	0.7500	0.7619
A3	103	0.7500	0.5000	0.5238
A3	105	0.7500	0.7500	0.9048
A3	107	0.6667	0.7500	0.8571
A3	108	0.7500	0.7500	0.9048
A3	109	0.6667	0.5000	0.7143
A3	110	0.7500	0.7500	0.3810
A3	111	0.7500	0.7500	0.9048
A3	115	0.7500	0.7500	0.9048
A3	116	0.6667	0.5000	0.2381
A3	117	0.6667	0.5000	0.3333
A3	119	0.7500	0.7500	0.6190
A3	120	0.6667	0.5000	0.1429
A3	122	0.7500	0.5000	0.8095
A3	123	0.6667	0.5000	0.3810
A3	125	0.7500	0.7500	0.9048
A3	126	0.7500	0.5000	0.8095
A3	127	0.7500	0.5000	0.8095
A3	128	0.7500	0.7500	0.8571
A3	129	0.6667	0.5000	0.0952
A3	130	0.6667	0.5000	0.1905
A3	131	0.7500	0.7500	0.8571
A3	133	0.6667	0.7500	0.7143
A3	135	0.7500	0.5000	0.8571
A3	136	0.7500	0.5000	0.6190
A3	137	0.6667	0.5000	0.2381
A3	139	0.6667	0.7500	0.9048
A3	140	0.6667	0.5000	0.2857
A3	143	0.7500	0.5000	0.7143
A3	144	0.6667	0.5000	0.1905
A3	145	0.7500	0.5000	0.2857
A3	146	0.6667	0.5000	0.5000
A3	147	0.7500	0.7500	0.6190
A3	149	0.7500	0.7500	0.9048
A3	151	0.6667	0.5000	0.0952
A3	152	0.6667	0.5000	0.2857
A3	153	0.6667	0.7500	0.1905
A3	155	0.7500	0.5000	0.7619
A3	156	0.7500	0.7500	0.5238
A3	157	0.6667	0.5000	0.1429
A3	158	0.7500	0.7500	0.9048
A3	159	0.7500	0.5000	0.4762
A3	160	0.7500	0.5000	0.2857
A3	162	0.7500	0.7500	0.8571
A3	163	0.7500	0.5000	0.5238
A3	167	0.7500	0.7500	0.7619
A3	168	0.7500	0.7500	0.8571
A3	169	0.7500	0.5000	0.2857
A3	170	0.7500	0.5000	0.3810
A3	171	0.6667	0.5000	0.3333
A3	174	0.7500	0.7500	0.6190
A3	177	0.7500	0.7500	0.8571
A3	178	0.7500	0.5000	0.3333
A3	181	0.7500	0.5000	0.3333
A3	182	0.7500	0.5000	0.1905
A3	184	0.7500	0.5000	0.3333
A3	185	0.6667	0.7500	0.5238
A3	186	0.7500	0.7500	0.6190
A3	187	0.7500	0.7500	0.9048
A3	188	0.6667	0.5000	0.5000
A3	189	0.6667	0.5000	0.5000
A3	191	0.6667	0.5000	0.1429
A3	195	0.7500	0.5000	0.6667
A3	196	0.7500	0.5000	0.6190
A3	197	0.7500	0.5000	0.7143
A3	199	0.6667	0.5000	0.4286
A3	200	0.7500	0.7500	0.9048
A3	201	0.7500	0.7500	0.8095
A3	203	0.7500	0.7500	0.8571
A3	207	0.7500	0.7500	0.9048
A3	209	0.7500	0.7500	0.8095
A3	211	0.7500	0.7500	0.9048
A3	213	0.6667	0.5000	0.3333
A3	216	0.6667	0.5000	0.3333
B	28	0.7500	0.5000	0.3500
B	30	0.7500	0.5000	0.5500
B	32	0.7500	0.8000	0.9000
B	43	0.7500	0.6000	0.8000
B	51	0.7500	0.4000	0.2500
B	55	0.7500	0.8000	0.9000
B	56	0.7500	0.5000	0.1000
B	57	0.7500	0.8000	0.8500
B	62	0.7500	0.8000	0.7000
B	63	0.7500	0.8000	0.8500
B	64	0.7500	0.5000	0.2000
B	66	0.7500	0.6000	0.9500
B	67	0.7500	0.4000	0.3500
B	70	0.7500	0.8000	0.9000
B	71	0.7500	0.8000	0.9000
B	72	0.6667	0.4000	0.8500
B	73	0.7500	0.8000	0.9000
B	74	0.6667	0.5000	0.4500
B	79	0.7500	0.8000	0.7000
B	80	0.7500	0.6000	0.8500
B	82	0.6667	0.4000	0.1500
B	83	0.6667	0.4000	0.3500
B	84	0.6667	0.4000	0.1500
B	85	0.6667	0.4000	0.2000
B	86	0.6667	0.4000	0.1500
B	88	0.7500	0.4000	0.2500
B	89	0.6667	0.4000	0.1500
B	90	0.7500	0.5000	0.3000
B	91	0.6667	0.6000	0.5500
B	92	0.7500	0.6000	0.4000
B	93	0.6667	0.5000	0.1000
B	95	0.6667	0.5000	0.1000
B	96	0.7500	0.6000	0.8500
B	98	0.7500	0.8000	0.8500
B	99	0.7500	0.8000	0.8000
B	102	0.7500	0.8000	0.7500
B	103	0.6667	0.5000	0.2500
B	105	0.7500	0.8000	0.9000
B	106	0.7500	0.4000	0.5500
B	107	0.7500	0.8000	0.8000
B	108	0.7500	0.8000	0.9000
B	109	0.6667	0.6000	0.7000
B	110	0.7500	0.4000	0.3500
B	111	0.7500	0.8000	0.9000
B	115	0.7500	0.8000	0.9000
B	116	0.6667	0.4000	0.6000
B	117	0.6667	0.5000	0.3500
B	118	0.7500	0.6000	0.8000
B	119	0.6667	0.5000	0.1500
B	120	0.6667	0.5000	0.2000
B	121	0.6667	0.6000	0.7000
B	122	0.7500	0.4000	0.8500
B	123	0.7500	0.5000	0.3500
B	125	0.7500	0.8000	0.9000
B	126	0.7500	0.6000	0.8000
B	127	0.7500	0.6000	0.8000
B	128	0.7500	0.8000	0.8500
B	129	0.6667	0.5000	0.2000
B	130	0.7500	0.5000	0.1500
B	131	0.7500	0.8000	0.8500
B	133	0.7500	0.8000	0.6500
B	135	0.7500	0.4000	0.9000
B	136	0.7500	0.4000	0.6500
B	137	0.6667	0.5000	0.2000
B	143	0.7500	0.8000	0.6500
B	144	0.6667	0.5000	0.2500
B	145	0.6667	0.5000	0.1000
B	146	0.7500	0.8000	0.6500
B	147	0.6667	0.4000	0.7500
B	148	0.6667	0.5000	0.2500
B	149	0.7500	0.8000	0.9000
B	151	0.6667	0.5000	0.2500
B	152	0.6667	0.4000	0.2500
B	153	0.7500	0.5000	0.2500
B	155	0.7500	0.8000	0.7000
B	156	0.7500	0.4000	0.2000
B	157	0.7500	0.4000	0.8000
B	158	0.7500	0.6000	0.9500
B	159	0.6667	0.5000	0.2500
B	160	0.6667	0.4000	0.5500
B	162	0.7500	0.6000	0.9000
B	163	0.6667	0.6000	0.5500
B	167	0.7500	0.6000	0.8000
B	169	0.7500	0.6000	0.5500
B	170	0.6667	0.5000	0.2000
B	171	0.6667	0.6000	0.2000
B	173	0.7500	0.6000	0.6000
B	174	0.6667	0.8000	0.6500
B	178	0.7500	0.6000	0.2500
B	181	0.6667	0.4000	0.4000
B	182	0.7500	0.6000	0.6000
B	184	0.6667	0.4000	0.4000
B	186	0.7500	0.6000	0.6500
B	188	0.7500	0.6000	0.7000
B	189	0.6667	0.4000	0.3500
B	191	0.7500	0.6000	0.4500
B	193	0.7500	0.8000	0.9000
B	195	0.7500	0.6000	0.6000
B	196	0.7500	0.6000	0.6000
B	197	0.7500	0.6000	0.6500
B	199	0.7500	0.5000	0.4500
B	200	0.7500	0.8000	0.9000
B	201	0.7500	0.6000	0.8500
B	203	0.7500	0.8000	0.8500
B	207	0.7500	0.8000	0.9000
B	209	0.7500	0.8000	0.8000
B	213	0.7500	0.6000	0.6000
B	216	0.7500	0.5000	0.6000
C	28	0.6667	0.3333	0.3684
C	30	0.7500	0.5000	0.5789
C	32	0.7500	0.6667	0.9474
C	43	0.7500	0.6667	0.7895
C	51	0.7500	0.6667	0.5789
C	55	0.7500	0.6667	0.9474
C	56	0.7500	0.8333	0.7895
C	57	0.7500	0.6667	0.8947
C	62	0.6667	0.6667	0.7895
C	63	0.7500	0.6667	0.8947
C	64	0.7500	0.6667	0.6842
C	66	0.7500	0.6667	0.9474
C	67	0.7500	0.5000	0.5263
C	70	0.7500	0.8333	0.8947
C	71	0.7500	0.8333	0.8947
C	72	0.7500	0.6667	0.7368
C	73	0.7500	0.8333	0.8947
C	74	0.6667	0.5000	0.3684
C	79	0.7500	0.6667	0.7368
C	80	0.7500	0.8333	0.7895
C	82	0.6667	0.3333	0.1579
C	83	0.6667	0.6667	0.2632
C	84	0.6667	0.3333	0.1579
C	85	0.6667	0.5000	0.1053
C	86	0.6667	0.3333	0.1579
C	88	0.6667	0.6667	0.2105
C	89	0.6667	0.3333	0.1579
C	90	0.7500	0.5000	0.3158
C	91	0.7500	0.5000	0.5263
C	92	0.6667	0.3333	0.1053
C	95	0.7500	0.5000	0.7368
C	96	0.6667	0.8333	0.8421
C	98	0.6667	0.5000	0.1053
C	99	0.7500	0.6667	0.8421
C	102	0.7500	0.5000	0.8421
C	103	0.7500	0.5000	0.1053
C	105	0.7500	0.8333	0.8947
C	106	0.6667	0.5000	0.5789
C	107	0.7500	0.8333	0.7895
C	108	0.7500	0.6667	0.9474
C	109	0.7500	0.8333	0.5789
C	110	0.7500	0.5000	0.3158
C	111	0.7500	0.8333	0.8947
C	115	0.7500	0.8333	0.8947
C	116	0.6667	0.6667	0.5263
C	117	0.6667	0.5000	0.2632
C	118	0.7500	0.8333	0.7368
C	119	0.6667	0.3333	0.1053
C	120	0.6667	0.3333	0.1579
C	121	0.7500	0.8333	0.5789
C	122	0.7500	0.8333	0.7368
C	123	0.6667	0.5000	0.3158
C	125	0.7500	0.8333	0.8947
C	126	0.7500	0.8333	0.7368
C	127	0.7500	0.8333	0.7368
C	128	0.7500	0.6667	0.8947
C	129	0.6667	0.3333	0.1579
C	130	0.6667	0.3333	0.1053
C	131	0.7500	0.6667	0.8947
C	133	0.7500	0.8333	0.6316
C	135	0.7500	0.6667	0.8421
C	136	0.7500	0.3333	0.6842
C	137	0.6667	0.5000	0.2105
C	139	0.7500	0.8333	0.8421
C	140	0.7500	0.5000	0.3158
C	143	0.6667	0.5000	0.7895
C	144	0.6667	0.5000	0.1579
C	145	0.6667	0.5000	0.1053
C	146	0.7500	0.6667	0.6842
C	147	0.6667	0.5000	0.2105
C	148	0.6667	0.5000	0.3158
C	149	0.7500	0.8333	0.8947
C	151	0.6667	0.3333	0.3684
C	152	0.6667	0.5000	0.1579
C	153	0.6667	0.3333	0.2632
C	155	0.7500	0.5000	0.7895
C	156	0.6667	0.5000	0.6316
C	157	0.7500	0.6667	0.7368
C	158	0.7500	0.8333	0.8947
C	160	0.6667	0.5000	0.1053
C	162	0.7500	0.8333	0.8421
C	163	0.6667	0.3333	0.1579
C	167	0.6667	0.3333	0.9474
C	168	0.7500	0.8333	0.8421
C	169	0.6667	0.6667	0.5789
C	170	0.6667	0.3333	0.4737
C	171	0.6667	0.5000	0.3158
C	173	0.7500	0.8333	0.5263
C	174	0.7500	0.6667	0.6316
C	177	0.7500	0.8333	0.8421
C	178	0.7500	0.5000	0.1053
C	181	0.7500	0.3333	0.3684
C	182	0.7500	0.8333	0.5263
C	184	0.7500	0.8333	0.4737
C	185	0.6667	0.5000	0.5789
C	186	0.6667	0.6667	0.6842
C	187	0.7500	0.8333	0.8947
C	188	0.7500	0.8333	0.6316
C	189	0.7500	0.3333	0.2632
C	191	0.7500	0.3333	0.1053
C	193	0.7500	0.8333	0.8947
C	195	0.7500	0.6667	0.5789
C	196	0.7500	0.5000	0.6316
C	197	0.7500	0.5000	0.6842
C	199	0.6667	0.3333	0.5000
C	200	0.7500	0.8333	0.8947
C	201	0.7500	0.8333	0.7895
C	203	0.7500	0.6667	0.8947
C	207	0.7500	0.6667	0.9474
C	209	0.6667	0.8333	0.8421
C	211	0.7500	0.8333	0.8947
C	213	0.7500	0.3333	0.6842
C	216	0.7500	0.5000	0.1053
C3	28	0.6000	0.5000	0.3529
C3	30	0.6000	0.5000	0.3529
C3	32	0.6000	0.8571	0.9412
C3	43	0.6667	0.5000	0.1765
C3	51	0.6000	0.5714	0.6471
C3	55	0.6000	0.8571	0.9412
C3	56	0.8000	0.5714	0.8824
C3	57	0.6000	0.8571	0.8824
C3	62	0.8000	0.7143	0.7059
C3	63	0.8000	0.8571	0.8235
C3	64	0.8000	0.5714	0.7059
C3	67	0.6667	0.5714	0.3529
C3	70	0.8000	0.8571	0.8824
C3	71	0.8000	0.8571	0.8824
C3	72	0.6667	0.5000	0.2353
C3	73	0.8000	0.8571	0.8824
C3	74	0.6667	0.5000	0.1765
C3	79	0.6000	0.7143	0.7647
C3	80	0.6000	0.8571	0.8235
C3	82	0.6667	0.4286	0.1176
C3	83	0.6000	0.5714	0.2353
C3	84	0.6667	0.4286	0.1176
C3	85	0.6667	0.2857	0.2353
C3	86	0.6667	0.4286	0.1176
C3	88	0.6000	0.4286	0.2353
C3	89	0.6667	0.4286	0.1176
C3	90	0.6667	0.5000	0.2941
C3	91	0.6000	0.5714	0.5294
C3	92	0.8000	0.5714	0.3529
C3	93	0.6667	0.2857	0.4706
C3	95	0.6000	0.5714	0.7647
C3	96	0.8000	0.8571	0.7647
C3	98	0.8000	0.7143	0.8824
C3	99	0.6000	0.7143	0.8824
C3	102	0.6000	0.8571	0.7647
C3	103	0.6667	0.5714	0.5882
C3	105	0.8000	0.8571	0.8824
C3	106	0.6000	0.5714	0.5294
C3	107	0.8000	0.8571	0.7647
C3	108	0.8000	0.8571	0.8824
C3	109	0.6000	0.7143	0.6471
C3	110	0.6667	0.5714	0.3529
C3	111	0.8000	0.8571	0.8824
C3	115	0.8000	0.8571	0.8824
C3	117	0.6000	0.5000	0.3529
C3	118	0.8000	0.7143	0.7647
C3	119	0.6000	0.4286	0.7647
C3	120	0.6000	0.4286	0.5882
C3	121	0.8000	0.7143	0.5882
C3	122	0.8000	0.7143	0.7647
C3	123	0.6000	0.4286	0.4706
C3	125	0.8000	0.8571	0.8824
C3	126	0.8000	0.7143	0.7647
C3	127	0.8000	0.7143	0.7647
C3	128	0.8000	0.7143	0.8824
C3	129	0.8000	0.2857	0.5294
C3	130	0.6667	0.2857	0.1176
C3	131	0.8000	0.7143	0.8824
C3	133	0.8000	0.7143	0.6471
C3	135	0.6000	0.5000	0.5000
C3	136	0.6000	0.5000	0.1176
C3	137	0.6000	0.5000	0.2941
C3	139	0.8000	0.7143	0.8824
C3	143	0.6000	0.7143	0.7059
C3	144	0.8000	0.2857	0.2941
C3	145	0.8000	0.5000	0.4118
C3	146	0.8000	0.5714	0.7059
C3	147	0.8000	0.7143	0.5882
C3	148	0.6000	0.2857	0.2353
C3	149	0.8000	0.8571	0.8824
C3	151	0.6667	0.2857	0.4118
C3	152	0.6667	0.2857	0.2941
C3	153	0.6667	0.2857	0.2941
C3	155	0.6667	0.8571	0.7647
C3	156	0.6000	0.5714	0.5882
C3	158	0.8000	0.8571	0.8824
C3	159	0.6667	0.5714	0.5294
C3	160	0.6667	0.5000	0.4118
C3	162	0.8000	0.7143	0.8824
C3	163	0.6000	0.4286	0.5882
C3	167	0.6000	0.5000	0.1176
C3	168	0.8000	0.5714	0.9412
C3	169	0.6667	0.4286	0.3529
C3	170	0.6667	0.2857	0.2353
C3	171	0.6000	0.4286	0.2941
C3	173	0.8000	0.7143	0.5294
C3	174	0.8000	0.8571	0.5294
C3	177	0.8000	0.7143	0.8824
C3	178	0.6000	0.4286	0.2941
C3	181	0.6667	0.5000	0.1176
C3	182	0.8000	0.7143	0.5294
C3	184	0.8000	0.4286	0.5882
C3	185	0.6667	0.2857	0.2941
C3	186	0.6667	0.2857	0.3529
C3	187	0.8000	0.7143	0.9412
C3	188	0.6000	0.7143	0.7059
C3	189	0.6000	0.4286	0.2353
C3	191	0.8000	0.4286	0.4706
C3	193	0.8000	0.8571	0.8824
C3	195	0.6000	0.4286	0.7059
C3	196	0.6000	0.4286	0.7059
C3	197	0.6667	0.5714	0.7647
C3	199	0.6667	0.2857	0.5000
C3	200	0.8000	0.8571	0.8824
C3	201	0.8000	0.7143	0.8235
C3	203	0.8000	0.8571	0.8235
C3	207	0.8000	0.8571	0.8824
C3	209	0.8000	0.7143	0.8235
C3	211	0.8000	0.7143	0.9412
C3	213	0.6000	0.5000	0.3529
C3	216	0.6000	0.5000	0.3529
D	28	0.6000	0.5000	0.3889
D	30	0.8000	0.3333	0.5000
D	32	0.8000	0.6667	0.9444
D	43	0.8000	0.6667	0.7778
D	51	0.6667	0.3333	0.3333
D	55	0.8000	0.6667	0.9444
D	56	0.6667	0.5000	0.1667
D	57	0.8000	0.6667	0.8889
D	62	0.6000	0.8333	0.7222
D	63	0.8000	0.8333	0.8333
D	66	0.8000	0.6667	0.9444
D	67	0.6000	0.3333	0.3889
D	70	0.8000	0.6667	0.9444
D	71	0.8000	0.6667	0.9444
D	72	0.8000	0.6667	0.7222
D	73	0.8000	0.8333	0.8889
D	74	0.6667	0.5000	0.1111
D	79	0.6000	0.6667	0.7778
D	80	0.8000	0.8333	0.7778
D	82	0.6000	0.3333	0.2778
D	83	0.6667	0.3333	0.4444
D	84	0.8000	0.6667	0.7222
D	85	0.6667	0.5000	0.2222
D	86	0.6667	0.5000	0.1111
D	88	0.6000	0.3333	0.3889
D	89	0.6667	0.5000	0.1667
D	90	0.6667	0.3333	0.1667
D	91	0.6667	0.5000	0.1111
D	92	0.6000	0.5000	0.4444
D	93	0.6667	0.3333	0.4444
D	95	0.6000	0.6667	0.7222
D	96	0.8000	0.8333	0.7778
D	98	0.8000	0.8333	0.8333
D	99	0.6000	0.6667	0.8889
D	102	0.8000	0.6667	0.7778
D	103	0.8000	0.6667	0.4444
D	105	0.8000	0.8333	0.8889
D	106	0.6667	0.5000	0.1667
D	107	0.8000	0.6667	0.8333
D	108	0.8000	0.8333	0.8889
D	109	0.6000	0.6667	0.6667
D	110	0.6000	0.6667	0.3889
D	111	0.8000	0.8333	0.8889
D	115	0.8000	0.8333	0.8889
D	116	0.6000	0.5000	0.5556
D	117	0.6667	0.5000	0.1111
D	118	0.6667	0.5000	0.1667
D	119	0.6000	0.6667	0.6667
D	120	0.6667	0.3333	0.1667
D	121	0.6000	0.5000	0.7222
D	122	0.6667	0.5000	0.1667
D	123	0.6000	0.5000	0.4444
D	125	0.8000	0.8333	0.8889
D	126	0.6667	0.5000	0.1667
D	127	0.6667	0.5000	0.2222
D	128	0.6000	0.8333	0.8889
D	129	0.6667	0.5000	0.5556
D	130	0.6000	0.3333	0.3889
D	131	0.6000	0.8333	0.8889
D	133	0.6000	0.6667	0.7222
D	135	0.8000	0.6667	0.8333
D	136	0.6000	0.5000	0.6667
D	139	0.8000	0.6667	0.8889
D	140	0.6667	0.3333	0.4444
D	143	0.6667	0.5000	0.1111
D	144	0.6667	0.5000	0.2778
D	145	0.6667	0.5000	0.1111
D	146	0.6667	0.3333	0.5000
D	147	0.8000	0.8333	0.5556
D	148	0.6667	0.3333	0.2778
D	149	0.8000	0.8333	0.8889
D	151	0.6667	0.5000	0.2778
D	152	0.6667	0.5000	0.2778
D	153	0.6000	0.3333	0.2222
D	155	0.8000	0.6667	0.7222
D	156	0.6000	0.6667	0.5556
D	157	0.8000	0.5000	0.7778
D	158	0.8000	0.8333	0.8889
D	159	0.8000	0.6667	0.3889
D	160	0.8000	0.5000	0.5556
D	162	0.6000	0.8333	0.8889
D	163	0.6667	0.8333	0.5000
D	167	0.8000	0.5000	0.8333
D	168	0.6000	0.8333	0.8889
D	169	0.6000	0.6667	0.2222
D	170	0.6667	0.3333	0.2222
D	171	0.6667	0.5000	0.3333
D	173	0.6000	0.5000	0.6667
D	174	0.8000	0.8333	0.5556
D	177	0.8000	0.8333	0.8333
D	178	0.6667	0.5000	0.3333
D	182	0.6000	0.5000	0.6667
D	184	0.6000	0.5000	0.3333
D	185	0.6667	0.5000	0.6111
D	186	0.6000	0.6667	0.6667
D	187	0.8000	0.8333	0.8889
D	188	0.6667	0.3333	0.5000
D	189	0.6667	0.3333	0.5000
D	191	0.6667	0.3333	0.1667
D	193	0.8000	0.6667	0.9444
D	195	0.8000	0.5000	0.3333
D	196	0.6667	0.5000	0.1667
D	199	0.6667	0.3333	0.5000
D	200	0.8000	0.8333	0.8889
D	201	0.6000	0.8333	0.8333
D	203	0.8000	0.8333	0.8333
D	207	0.8000	0.8333	0.8889
D	209	0.6000	0.8333	0.8333
D	211	0.8000	0.8333	0.8889
D	213	0.8000	0.3333	0.6667
D	216	0.8000	0.3333	0.5556
D3	28	0.8000	0.5000	0.2778
D3	30	0.8000	0.5000	0.2778
D3	43	0.6000	0.8333	0.7778
D3	51	0.6667	0.3333	0.3333
D3	56	0.8000	0.6667	0.8333
D3	62	0.6000	0.6667	0.7778
D3	63	0.8000	0.8333	0.8333
D3	64	0.8000	0.6667	0.6667
D3	66	0.6000	0.8333	0.9444
D3	67	0.6667	0.5000	0.1111
D3	70	0.8000	0.8333	0.8889
D3	71	0.8000	0.8333	0.8889
D3	72	0.6000	0.8333	0.7222
D3	73	0.8000	0.8333	0.8889
D3	74	0.6667	0.3333	0.4444
D3	79	0.6000	0.6667	0.7778
D3	80	0.8000	0.8333	0.7778
D3	82	0.6667	0.5000	0.1111
D3	83	0.6000	0.5000	0.2778
D3	84	0.6000	0.6667	0.7778
D3	85	0.6000	0.5000	0.3889
D3	86	0.6000	0.5000	0.6667
D3	88	0.6000	0.3333	0.2778
D3	89	0.6667	0.3333	0.3333
D3	90	0.6667	0.3333	0.1667
D3	91	0.6667	0.3333	0.1667
D3	92	0.6000	0.5000	0.4444
D3	93	0.6667	0.5000	0.1111
D3	95	0.6667	0.5000	0.1111
D3	96	0.8000	0.8333	0.7778
D3	98	0.8000	0.6667	0.8889
D3	102	0.6667	0.5000	0.1667
D3	103	0.6667	0.3333	0.2222
D3	105	0.8000	0.8333	0.8889
D3	106	0.6667	0.5000	0.1667
D3	107	0.8000	0.8333	0.7778
D3	108	0.8000	0.8333	0.8889
D3	109	0.8000	0.6667	0.6111
D3	110	0.6667	0.5000	0.5000
D3	111	0.8000	0.8333	0.8889
D3	115	0.8000	0.8333	0.8889
D3	116	0.6000	0.6667	0.5000
D3	117	0.6667	0.3333	0.3333
D3	118	0.8000	0.6667	0.7778
D3	119	0.6667	0.3333	0.1111
D3	120	0.6667	0.3333	0.1667
D3	121	0.8000	0.6667	0.6111
D3	122	0.8000	0.6667	0.7778
D3	123	0.6667	0.3333	0.3889
D3	125	0.8000	0.8333	0.8889
D3	126	0.8000	0.6667	0.7778
D3	127	0.8000	0.6667	0.7778
D3	128	0.6000	0.6667	0.9444
D3	129	0.6000	0.3333	0.5556
D3	130	0.6667	0.5000	0.2778
D3	131	0.6000	0.6667	0.9444
D3	133	0.8000	0.6667	0.6667
D3	135	0.6000	0.8333	0.8333
D3	136	0.6667	0.5000	0.1111
D3	137	0.6000	0.3333	0.1667
D3	139	0.8000	0.8333	0.8333
D3	140	0.6667	0.5000	0.3889
D3	143	0.6667	0.5000	0.1111
D3	144	0.6000	0.3333	0.3333
D3	145	0.6000	0.5000	0.4444
D3	146	0.6000	0.5000	0.7778
D3	147	0.8000	0.6667	0.6111
D3	148	0.6667	0.3333	0.5000
D3	149	0.8000	0.8333	0.8889
D3	151	0.6667	0.5000	0.2222
D3	152	0.6000	0.3333	0.2778
D3	153	0.6667	0.5000	0.3333
D3	155	0.6667	0.5000	0.1667
D3	156	0.6667	0.5000	0.1111
D3	157	0.6000	0.8333	0.7222
D3	158	0.8000	0.8333	0.8889
D3	159	0.6667	0.5000	0.2778
D3	160	0.6667	0.5000	0.1111
D3	162	0.8000	0.6667	0.8889
D3	163	0.6000	0.3333	0.6111
D3	167	0.6000	0.5000	0.1111
D3	168	0.8000	0.6667	0.8889
D3	169	0.6000	0.5000	0.6111
D3	173	0.8000	0.6667	0.5556
D3	174	0.6000	0.8333	0.6111
D3	177	0.8000	0.8333	0.8333
D3	178	0.8000	0.3333	0.2778
D3	181	0.6000	0.5000	0.1111
D3	182	0.8000	0.6667	0.5556
D3	184	0.8000	0.5000	0.5556
D3	185	0.6000	0.5000	0.5556
D3	186	0.6000	0.6667	0.6667
D3	187	0.8000	0.8333	0.8889
D3	188	0.8000	0.6667	0.6667
D3	189	0.6667	0.3333	0.3889
D3	191	0.8000	0.3333	0.5000
D3	193	0.8000	0.8333	0.8889
D3	195	0.8000	0.3333	0.6667
D3	196	0.6667	0.3333	0.1667
D3	199	0.6667	0.5000	0.1667
D3	200	0.8000	0.8333	0.8889
D3	201	0.8000	0.6667	0.8333
D3	203	0.8000	0.8333	0.8333
D3	207	0.8000	0.8333	0.8889
D3	209	0.8000	0.6667	0.8333
D3	211	0.8000	0.8333	0.8889
D3	213	0.6000	0.5000	0.3333
D3	216	0.8000	0.5000	0.2778
E	28	0.6667	0.3333	0.3684
E	30	0.7500	0.5000	0.5789
E	32	0.7500	0.6667	0.9474
E	43	0.7500	0.5000	0.8421
E	51	0.6667	0.5000	0.6842
E	55	0.7500	0.6667	0.9474
E	56	0.6667	0.8333	0.8421
E	57	0.7500	0.5000	0.9474
E	62	0.7500	0.6667	0.7368
E	63	0.7500	0.8333	0.8421
E	64	0.6667	0.8333	0.6842
E	66	0.7500	0.6667	0.9474
E	67	0.6667	0.5000	0.5789
E	70	0.7500	0.8333	0.8947
E	71	0.7500	0.8333	0.8947
E	72	0.7500	0.6667	0.7368
E	73	0.7500	0.8333	0.8947
E	74	0.6667	0.3333	0.2632
E	79	0.7500	0.6667	0.7368
E	80	0.7500	0.8333	0.7895
E	82	0.6667	0.5000	0.1053
E	83	0.6667	0.5000	0.3158
E	84	0.7500	0.5000	0.7895
E	85	0.6667	0.5000	0.4211
E	86	0.6667	0.5000	0.6842
E	89	0.6667	0.3333	0.3158
E	91	0.6667	0.3333	0.1579
E	95	0.6667	0.5000	0.1053
E	96	0.7500	0.8333	0.7895
E	98	0.7500	0.8333	0.8421
E	99	0.6667	0.5000	0.1053
E	102	0.7500	0.6667	0.7895
E	103	0.7500	0.5000	0.5263
E	105	0.7500	0.6667	0.9474
E	107	0.7500	0.6667	0.8421
E	108	0.7500	0.8333	0.8947
E	109	0.6667	0.5000	0.1579
E	110	0.7500	0.3333	0.4737
E	111	0.7500	0.6667	0.9474
E	115	0.7500	0.8333	0.8947
E	116	0.6667	0.5000	0.2632
E	118	0.6667	0.8333	0.7895
E	119	0.7500	0.5000	0.6842
E	120	0.6667	0.5000	0.5789
E	121	0.6667	0.5000	0.2105
E	122	0.6667	0.8333	0.7895
E	123	0.7500	0.3333	0.4737
E	125	0.7500	0.8333	0.8947
E	126	0.6667	0.8333	0.7895
E	127	0.6667	0.8333	0.7895
E	128	0.7500	0.6667	0.8947
E	129	0.6667	0.5000	0.1053
E	131	0.7500	0.6667	0.8947
E	135	0.7500	0.6667	0.8421
E	136	0.6667	0.5000	0.1053
E	137	0.6667	0.5000	0.2105
E	139	0.7500	0.8333	0.8421
E	140	0.6667	0.3333	0.2632
E	143	0.6667	0.6667	0.7368
E	144	0.6667	0.6667	0.2632
E	145	0.6667	0.3333	0.3158
E	146	0.6667	0.5000	0.7895
E	147	0.7500	0.6667	0.6316
E	148	0.6667	0.3333	0.5000
E	149	0.7500	0.8333	0.8947
E	151	0.6667	0.3333	0.1053
E	153	0.7500	0.5000	0.2632
E	155	0.7500	0.6667	0.7368
E	157	0.7500	0.5000	0.7895
E	158	0.7500	0.8333	0.8947
E	159	0.7500	0.5000	0.4737
E	160	0.7500	0.5000	0.5789
E	162	0.6667	0.5000	0.1053
E	163	0.6667	0.5000	0.1053
E	167	0.7500	0.5000	0.8421
E	169	0.7500	0.5000	0.2632
E	170	0.6667	0.5000	0.2105
E	171	0.6667	0.5000	0.1579
E	173	0.7500	0.6667	0.5789
E	174	0.7500	0.5000	0.6842
E	177	0.7500	0.8333	0.8421
E	178	0.6667	0.5000	0.1579
E	181	0.6667	0.5000	0.4737
E	182	0.7500	0.6667	0.5789
E	184	0.6667	0.6667	0.5789
E	185	0.6667	0.3333	0.2632
E	186	0.6667	0.3333	0.3158
E	187	0.7500	0.8333	0.8947
E	188	0.6667	0.8333	0.6842
E	189	0.6667	0.3333	0.3158
E	191	0.6667	0.6667	0.4737
E	193	0.7500	0.8333	0.8947
E	195	0.7500	0.5000	0.3684
E	196	0.6667	0.3333	0.1579
E	197	0.6667	0.5000	0.1053
E	200	0.7500	0.8333	0.8947
E	201	0.6667	0.5000	0.1579
E	203	0.7500	0.8333	0.8421
E	207	0.7500	0.8333	0.8947
E	209	0.6667	0.5000	0.1579
E	211	0.7500	0.8333	0.8947
E	213	0.7500	0.5000	0.6316
E	216	0.7500	0.3333	0.5789
E3	28	0.6667	0.5000	0.2917
E3	30	0.6667	0.5000	0.2917
E3	32	0.6667	0.5000	0.9167
E3	43	0.6667	0.5000	0.7917
E3	51	0.6667	0.5000	0.2917
E3	55	0.6667	0.5000	0.9167
E3	56	0.6667	0.5000	0.8333
E3	57	0.6667	0.5000	0.8750
E3	62	0.6667	0.5000	0.2083
E3	63	0.6667	0.5000	0.8750
E3	64	0.6667	0.5000	0.7083
E3	66	0.6667	0.5000	0.9167
E3	67	0.6667	0.5000	0.3750
E3	70	0.6667	0.5000	0.9167
E3	71	0.6667	0.5000	0.9167
E3	72	0.6667	0.5000	0.7500
E3	73	0.6667	0.5000	0.9167
E3	74	0.6667	0.5000	0.2500
E3	79	0.6667	0.5000	0.7500
E3	80	0.6667	0.5000	0.8333
E3	82	0.6667	0.5000	0.1250
E3	83	0.6667	0.5000	0.3750
E3	84	0.6667	0.5000	0.7500
E3	86	0.6667	0.5000	0.6250
E3	88	0.6667	0.5000	0.3750
E3	89	0.6667	0.5000	0.2083
E3	90	0.6667	0.5000	0.2917
E3	91	0.6667	0.5000	0.5417
E3	92	0.6667	0.5000	0.4583
E3	93	0.6667	0.5000	0.0833
E3	95	0.6667	0.5000	0.0833
E3	96	0.6667	0.5000	0.8333
E3	98	0.6667	0.5000	0.8750
E3	99	0.6667	0.5000	0.8333
E3	103	0.6667	0.5000	0.0833
E3	105	0.6667	0.5000	0.9167
E3	106	0.6667	0.5000	0.5417
E3	107	0.6667	0.5000	0.8333
E3	108	0.6667	0.5000	0.9167
E3	109	0.6667	0.5000	0.6667
E3	110	0.6667	0.5000	0.4583
E3	111	0.6667	0.5000	0.9167
E3	115	0.6667	0.5000	0.9167
E3	116	0.6667	0.5000	0.5417
E3	117	0.6667	0.5000	0.2917
E3	118	0.6667	0.5000	0.7917
E3	120	0.6667	0.5000	0.1667
E3	121	0.6667	0.5000	0.6667
E3	122	0.6667	0.5000	0.7917
E3	123	0.6667	0.5000	0.3333
E3	125	0.6667	0.5000	0.9167
E3	126	0.6667	0.5000	0.7917
E3	127	0.6667	0.5000	0.7917
E3	128	0.6667	0.5000	0.8750
E3	129	0.6667	0.5000	0.5000
E3	130	0.6667	0.5000	0.1667
E3	131	0.6667	0.5000	0.8750
E3	135	0.6667	0.5000	0.8333
E3	136	0.6667	0.5000	0.6250
E3	139	0.6667	0.5000	0.8750
E3	140	0.6667	0.5000	0.3750
E3	143	0.6667	0.5000	0.7083
E3	144	0.6667	0.5000	0.2083
E3	145	0.6667	0.5000	0.3750
E3	146	0.6667	0.5000	0.7083
E3	147	0.6667	0.5000	0.0833
E3	148	0.6667	0.5000	0.2500
E3	149	0.6667	0.5000	0.9167
E3	151	0.6667	0.5000	0.1667
E3	152	0.6667	0.5000	0.2500
E3	153	0.6667	0.5000	0.2500
E3	155	0.6667	0.5000	0.7500
E3	156	0.6667	0.5000	0.2500
E3	157	0.6667	0.5000	0.7500
E3	158	0.6667	0.5000	0.9167
E3	159	0.6667	0.5000	0.5000
E3	160	0.6667	0.5000	0.5000
E3	162	0.6667	0.5000	0.8750
E3	163	0.6667	0.5000	0.5417
E3	167	0.6667	0.5000	0.7917
E3	168	0.6667	0.5000	0.8750
E3	169	0.6667	0.5000	0.5833
E3	170	0.6667	0.5000	0.2083
E3	171	0.6667	0.5000	0.1250
E3	173	0.6667	0.5000	0.6250
E3	174	0.6667	0.5000	0.2917
E3	177	0.6667	0.5000	0.8750
E3	178	0.6667	0.5000	0.1250
E3	181	0.6667	0.5000	0.3750
E3	182	0.6667	0.5000	0.6250
E3	184	0.6667	0.5000	0.5833
E3	185	0.6667	0.5000	0.2500
E3	186	0.6667	0.5000	0.2917
E3	187	0.6667	0.5000	0.9167
E3	188	0.6667	0.5000	0.7083
E3	189	0.6667	0.5000	0.1250
E3	191	0.6667	0.5000	0.5000
E3	193	0.6667	0.5000	0.9167
E3	195	0.6667	0.5000	0.6250
E3	196	0.6667	0.5000	0.6250
E3	197	0.6667	0.5000	0.6667
E3	199	0.6667	0.5000	0.2917
E3	200	0.6667	0.5000	0.9167
E3	201	0.6667	0.5000	0.1250
E3	203	0.6667	0.5000	0.8750
E3	207	0.6667	0.5000	0.9167
E3	209	0.6667	0.5000	0.8333
E3	211	0.6667	0.5000	0.9167
E3	213	0.6667	0.5000	0.2917
E3	216	0.6667	0.5000	0.2917
F	28	0.7500	0.5000	0.3500
F	30	0.7500	0.5000	0.5500
F	32	0.7500	0.6000	0.9500
F	43	0.7500	0.4000	0.8500
F	51	0.6667	0.4000	0.7000
F	55	0.7500	0.6000	0.9500
F	56	0.6667	0.8000	0.8500
F	57	0.7500	0.4000	0.9500
F	62	0.6667	0.5000	0.2500
F	63	0.7500	0.8000	0.8500
F	64	0.6667	0.8000	0.7000
F	66	0.7500	0.6000	0.9500
F	67	0.7500	0.4000	0.3500
F	70	0.7500	0.8000	0.9000
F	71	0.7500	0.8000	0.9000
F	72	0.7500	0.6000	0.7500
F	73	0.7500	0.8000	0.9000
F	74	0.6667	0.5000	0.3000
F	79	0.6667	0.5000	0.2000
F	80	0.7500	0.8000	0.8000
F	82	0.7500	0.5000	0.3000
F	83	0.6667	0.4000	0.2500
F	84	0.7500	0.4000	0.8000
F	85	0.6667	0.4000	0.4500
F	86	0.6667	0.4000	0.7000
F	88	0.7500	0.4000	0.3500
F	89	0.6667	0.5000	0.2500
F	90	0.6667	0.5000	0.2000
F	91	0.6667	0.4000	0.6000
F	92	0.7500	0.6000	0.4000
F	93	0.6667	0.5000	0.4000
F	95	0.7500	0.6000	0.7000
F	96	0.7500	0.8000	0.8000
F	98	0.7500	0.8000	0.8500
F	99	0.7500	0.6000	0.8500
F	102	0.7500	0.6000	0.8000
F	103	0.7500	0.4000	0.5500
F	105	0.7500	0.6000	0.9500
F	106	0.6667	0.6000	0.5500
F	107	0.7500	0.6000	0.8500
F	108	0.7500	0.8000	0.9000
F	109	0.7500	0.8000	0.6000
F	110	0.6667	0.4000	0.4000
F	111	0.7500	0.6000	0.9500
F	115	0.7500	0.8000	0.9000
F	116	0.7500	0.6000	0.5000
F	117	0.6667	0.5000	0.1500
F	118	0.6667	0.8000	0.8000
F	119	0.6667	0.5000	0.1000
F	120	0.6667	0.4000	0.6000
F	121	0.7500	0.8000	0.6000
F	122	0.6667	0.8000	0.8000
F	123	0.6667	0.4000	0.5000
F	125	0.7500	0.8000	0.9000
F	126	0.6667	0.8000	0.8000
F	127	0.6667	0.8000	0.8000
F	128	0.6667	0.5000	0.1000
F	129	0.6667	0.5000	0.2000
F	130	0.7500	0.4000	0.3500
F	131	0.6667	0.5000	0.1000
F	133	0.7500	0.6000	0.7000
F	135	0.7500	0.6000	0.8500
F	136	0.7500	0.4000	0.6500
F	137	0.6667	0.4000	0.2000
F	139	0.7500	0.8000	0.8500
F	140	0.6667	0.5000	0.3000
F	143	0.6667	0.6000	0.7500
F	144	0.6667	0.5000	0.1500
F	145	0.6667	0.5000	0.1500
F	146	0.6667	0.4000	0.1500
F	147	0.7500	0.6000	0.6500
F	148	0.6667	0.5000	0.2500
F	149	0.7500	0.8000	0.9000
F	151	0.6667	0.5000	0.1500
F	152	0.6667	0.4000	0.3000
F	153	0.6667	0.5000	0.2000
F	155	0.7500	0.6000	0.7500
F	156	0.7500	0.6000	0.5500
F	157	0.7500	0.4000	0.8000
F	158	0.7500	0.8000	0.9000
F	159	0.7500	0.6000	0.4500
F	160	0.7500	0.5000	0.5500
F	162	0.7500	0.8000	0.8500
F	163	0.6667	0.5000	0.1000
F	167	0.7500	0.4000	0.8500
F	168	0.7500	0.8000	0.8500
F	169	0.6667	0.4000	0.6500
F	170	0.6667	0.5000	0.5000
F	171	0.6667	0.4000	0.3500
F	173	0.6667	0.5000	0.1500
F	174	0.7500	0.6000	0.6500
F	177	0.7500	0.8000	0.8500
F	178	0.6667	0.4000	0.3500
F	181	0.6667	0.4000	0.3500
F	182	0.6667	0.5000	0.2500
F	184	0.7500	0.4000	0.3500
F	185	0.6667	0.5000	0.1500
F	186	0.7500	0.6000	0.6500
F	187	0.7500	0.8000	0.9000
F	188	0.6667	0.8000	0.7000
F	189	0.6667	0.4000	0.3500
F	191	0.6667	0.5000	0.1500
F	193	0.7500	0.8000	0.9000
F	195	0.7500	0.5000	0.3500
F	197	0.6667	0.6000	0.7000
F	199	0.6667	0.5000	0.3500
F	200	0.7500	0.8000	0.9000
F	201	0.7500	0.8000	0.8000
F	203	0.7500	0.8000	0.8500
F	207	0.7500	0.8000	0.9000
F	209	0.7500	0.8000	0.8000
F	211	0.7500	0.8000	0.9000
F	213	0.7500	0.4000	0.6500
F	216	0.7500	0.4000	0.5500
F3	28	0.6667	0.5000	0.3333
F3	30	0.6667	0.5000	0.3333
F3	32	0.6667	0.8000	0.9048
F3	43	0.6667	0.6000	0.8095
F3	51	0.6667	0.4000	0.2857
F3	55	0.6667	0.8000	0.9048
F3	56	0.6667	0.6000	0.8571
F3	57	0.6667	0.8000	0.8571
F3	62	0.6667	0.6000	0.7619
F3	63	0.6667	0.6000	0.9048
F3	64	0.6667	0.4000	0.7619
F3	66	0.6667	0.8000	0.9048
F3	67	0.6667	0.4000	0.4762
F3	70	0.6667	0.8000	0.9048
F3	71	0.6667	0.8000	0.9048
F3	72	0.6667	0.5000	0.1905
F3	73	0.6667	0.8000	0.9048
F3	74	0.6667	0.5000	0.1429
F3	79	0.6667	0.8000	0.7143
F3	80	0.6667	0.8000	0.8095
F3	82	0.6667	0.5000	0.3333
F3	83	0.6667	0.6000	0.3333
F3	84	0.6667	0.6000	0.7619
F3	85	0.6667	0.5000	0.1905
F3	86	0.6667	0.5000	0.0952
F3	88	0.6667	0.4000	0.3810
F3	89	0.6667	0.5000	0.1429
F3	90	0.6667	0.5000	0.1905
F3	91	0.6667	0.5000	0.0952
F3	92	0.6667	0.6000	0.4286
F3	93	0.6667	0.6000	0.3333
F3	95	0.6667	0.4000	0.7619
F3	96	0.6667	0.6000	0.8571
F3	98	0.6667	0.8000	0.8571
F3	99	0.6667	0.8000	0.8095
F3	102	0.6667	0.6000	0.8095
F3	103	0.6667	0.5000	0.6190
F3	105	0.6667	0.8000	0.9048
F3	106	0.6667	0.5000	0.1429
F3	107	0.6667	0.8000	0.8095
F3	108	0.6667	0.8000	0.9048
F3	109	0.6667	0.6000	0.6667
F3	110	0.6667	0.5000	0.0952
F3	111	0.6667	0.8000	0.9048
F3	115	0.6667	0.8000	0.9048
F3	116	0.6667	0.4000	0.5714
F3	117	0.6667	0.5000	0.0952
F3	118	0.6667	0.5000	0.1429
F3	119	0.6667	0.6000	0.6667
F3	120	0.6667	0.5000	0.1905
F3	121	0.6667	0.6000	0.6667
F3	122	0.6667	0.5000	0.1429
F3	123	0.6667	0.5000	0.5238
F3	125	0.6667	0.6000	0.9524
F3	126	0.6667	0.5000	0.1429
F3	127	0.6667	0.4000	0.1429
F3	128	0.6667	0.8000	0.8571
F3	129	0.6667	0.6000	0.4762
F3	130	0.6667	0.5000	0.4286
F3	131	0.6667	0.8000	0.8571
F3	133	0.6667	0.8000	0.6667
F3	135	0.6667	0.8000	0.8095
F3	136	0.6667	0.6000	0.6190
F3	137	0.6667	0.4000	0.2381
F3	139	0.6667	0.6000	0.9048
F3	140	0.6667	0.5000	0.0952
F3	143	0.6667	0.4000	0.7619
F3	144	0.6667	0.4000	0.1429
F3	145	0.6667	0.4000	0.2857
F3	146	0.6667	0.6000	0.7143
F3	147	0.6667	0.5000	0.1905
F3	148	0.6667	0.4000	0.2381
F3	149	0.6667	0.8000	0.9048
F3	151	0.6667	0.5000	0.3810
F3	152	0.6667	0.4000	0.1905
F3	153	0.6667	0.5000	0.2857
F3	155	0.6667	0.6000	0.7619
F3	156	0.6667	0.6000	0.1905
F3	157	0.6667	0.8000	0.7143
F3	159	0.6667	0.5000	0.2381
F3	160	0.6667	0.5000	0.0952
F3	162	0.6667	0.5000	0.0952
F3	163	0.6667	0.5000	0.1905
F3	167	0.6667	0.6000	0.8095
F3	168	0.6667	0.6000	0.9048
F3	169	0.6667	0.4000	0.6190
F3	170	0.6667	0.4000	0.4286
F3	171	0.6667	0.6000	0.1905
F3	173	0.6667	0.5000	0.1429
F3	174	0.6667	0.8000	0.6190
F3	177	0.6667	0.4000	0.9524
F3	178	0.6667	0.4000	0.3333
F3	181	0.6667	0.4000	0.3333
F3	182	0.6667	0.5000	0.2381
F3	184	0.6667	0.6000	0.3333
F3	185	0.6667	0.5000	0.1429
F3	186	0.6667	0.4000	0.7143
F3	187	0.6667	0.6000	0.9524
F3	188	0.6667	0.6000	0.7143
F3	189	0.6667	0.6000	0.2857
F3	191	0.6667	0.5000	0.1429
F3	193	0.6667	0.8000	0.9048
F3	195	0.6667	0.6000	0.6190
F3	196	0.6667	0.6000	0.6190
F3	197	0.6667	0.6000	0.6667
F3	199	0.6667	0.5000	0.3333
F3	200	0.6667	0.8000	0.9048
F3	201	0.6667	0.8000	0.8095
F3	203	0.6667	0.6000	0.9048
F3	207	0.6667	0.8000	0.9048
F3	209	0.6667	0.6000	0.8571
F3	211	0.6667	0.6000	0.9524
F3	213	0.6667	0.6000	0.6190
F3	216	0.6667	0.5000	0.3333
G	28	0.6667	0.5000	0.4000
G	30	0.6667	0.5000	0.1000
G	32	0.6667	0.8333	0.9000
G	43	0.6667	0.5000	0.1500
G	51	0.6667	0.5000	0.6500
G	55	0.6667	0.8333	0.9000
G	56	0.6667	0.6667	0.8500
G	57	0.6667	0.8333	0.8500
G	62	0.6667	0.6667	0.7500
G	63	0.6667	0.5000	0.1000
G	64	0.6667	0.3333	0.2000
G	66	0.6667	0.8333	0.9000
G	67	0.6667	0.5000	0.3500
G	70	0.6667	0.8333	0.9000
G	71	0.6667	0.8333	0.9000
G	72	0.6667	0.3333	0.8500
G	73	0.6667	0.8333	0.9000
G	74	0.6667	0.5000	0.4500
G	79	0.6667	0.5000	0.8000
G	80	0.6667	0.6667	0.8500
G	82	0.6667	0.5000	0.1000
G	83	0.6667	0.6667	0.3000
G	84	0.6667	0.8333	0.7000
G	85	0.6667	0.5000	0.4000
G	86	0.6667	0.6667	0.6000
G	88	0.6667	0.5000	0.3500
G	89	0.6667	0.3333	0.3000
G	90	0.6667	0.5000	0.2500
G	91	0.6667	0.5000	0.5500
G	92	0.6667	0.6667	0.4000
G	93	0.6667	0.5000	0.3500
G	95	0.6667	0.5000	0.1000
G	96	0.6667	0.8333	0.8000
G	98	0.6667	0.8333	0.8500
G	99	0.6667	0.8333	0.8000
G	102	0.6667	0.5000	0.1500
G	105	0.6667	0.8333	0.9000
G	106	0.6667	0.6667	0.5000
G	107	0.6667	0.8333	0.8000
G	108	0.6667	0.8333	0.9000
G	109	0.6667	0.3333	0.5000
G	110	0.6667	0.5000	0.3500
G	111	0.6667	0.8333	0.9000
G	115	0.6667	0.8333	0.9000
G	116	0.6667	0.5000	0.1000
G	117	0.6667	0.5000	0.2500
G	118	0.6667	0.6667	0.8000
G	119	0.6667	0.6667	0.6500
G	120	0.6667	0.6667	0.5000
G	121	0.6667	0.3333	0.1500
G	122	0.6667	0.6667	0.8000
G	123	0.6667	0.3333	0.3500
G	127	0.6667	0.3333	0.1500
G	128	0.6667	0.6667	0.9000
G	129	0.6667	0.5000	0.5000
G	130	0.6667	0.3333	0.1500
G	131	0.6667	0.6667	0.9000
G	133	0.6667	0.8333	0.6500
G	135	0.6667	0.6667	0.8500
G	137	0.6667	0.5000	0.2000
G	139	0.6667	0.8333	0.8500
G	140	0.6667	0.5000	0.4500
G	144	0.6667	0.5000	0.2500
G	145	0.6667	0.3333	0.4000
G	146	0.6667	0.3333	0.1500
G	147	0.6667	0.5000	0.7000
G	148	0.6667	0.5000	0.2000
G	149	0.6667	0.8333	0.9000
G	151	0.6667	0.5000	0.2000
G	152	0.6667	0.5000	0.2500
G	153	0.6667	0.3333	0.1500
G	155	0.6667	0.5000	0.1000
G	156	0.6667	0.5000	0.6000
G	157	0.6667	0.8333	0.7000
G	158	0.6667	0.6667	0.9500
G	159	0.6667	0.5000	0.6000
G	160	0.6667	0.3333	0.5500
G	162	0.6667	0.6667	0.9000
G	163	0.6667	0.5000	0.1000
G	167	0.6667	0.8333	0.7500
G	168	0.6667	0.8333	0.8500
G	169	0.6667	0.5000	0.4000
G	170	0.6667	0.8333	0.3000
G	174	0.6667	0.5000	0.7000
G	178	0.6667	0.3333	0.3500
G	181	0.6667	0.3333	0.3500
G	182	0.6667	0.5000	0.1500
G	184	0.6667	0.3333	0.4000
G	185	0.6667	0.6667	0.5000
G	186	0.6667	0.5000	0.3500
G	187	0.6667	0.8333	0.9000
G	188	0.6667	0.3333	0.1000
G	189	0.6667	0.3333	0.3500
G	191	0.6667	0.5000	0.2000
G	193	0.6667	0.8333	0.9000
G	195	0.6667	0.3333	0.3500
G	196	0.6667	0.5000	0.1500
G	197	0.6667	0.5000	0.1500
G	199	0.6667	0.5000	0.4000
G	200	0.6667	0.8333	0.9000
G	201	0.6667	0.8333	0.8000
G	207	0.6667	0.8333	0.9000
G	209	0.6667	0.8333	0.8000
G	211	0.6667	0.8333	0.9000
G	213	0.6667	0.5000	0.3500
G	216	0.6667	0.5000	0.5500
H	28	0.6667	0.5000	0.3500
H	30	0.6000	0.5000	0.5000
H	32	0.8000	0.7500	0.9000
H	43	0.8000	0.7500	0.7500
H	51	0.8000	0.5000	0.6000
H	55	0.8000	0.7500	0.9000
H	56	0.8000	0.5000	0.8500
H	57	0.8000	0.7500	0.8500
H	62	0.8000	0.7500	0.7000
H	63	0.8000	0.5000	0.9000
H	64	0.8000	0.5000	0.7500
H	66	0.8000	0.7500	0.9000
H	67	0.6000	0.5000	0.5000
H	72	0.8000	0.7500	0.7000
H	73	0.8000	0.7500	0.9000
H	74	0.8000	0.5000	0.3000
H	79	0.6000	0.7500	0.7500
H	80	0.8000	0.7500	0.8000
H	82	0.6667	0.5000	0.3000
H	83	0.6667	0.5000	0.4000
H	84	0.6000	0.7500	0.7500
H	85	0.6667	0.5000	0.2500
H	86	0.6667	0.5000	0.1000
H	88	0.6667	0.5000	0.4000
H	89	0.6667	0.5000	0.1000
H	90	0.6667	0.5000	0.2500
H	91	0.6667	0.5000	0.1000
H	92	0.6667	0.5000	0.3000
H	93	0.6000	0.5000	0.3500
H	95	0.8000	0.5000	0.7000
H	96	0.8000	0.7500	0.8000
H	98	0.6000	0.7500	0.9000
H	99	0.6000	0.7500	0.8500
H	102	0.8000	0.5000	0.8000
H	103	0.6000	0.5000	0.5500
H	105	0.8000	0.7500	0.9000
H	106	0.6000	0.5000	0.6000
H	107	0.6667	0.5000	0.1000
H	108	0.8000	0.5000	0.9500
H	109	0.6667	0.5000	0.1000
H	110	0.6000	0.7500	0.4000
H	111	0.8000	0.7500	0.9000
H	115	0.6000	0.7500	0.9500
H	116	0.6000	0.7500	0.5000
H	117	0.6667	0.5000	0.1000
H	118	0.6667	0.5000	0.9000
H	119	0.8000	0.7500	0.6000
H	120	0.6667	0.5000	0.6000
H	121	0.6667	0.5000	0.1000
H	122	0.6000	0.5000	0.8500
H	123	0.6000	0.5000	0.4500
H	125	0.8000	0.7500	0.9000
H	126	0.6000	0.5000	0.8500
H	127	0.6000	0.5000	0.8500
H	128	0.8000	0.7500	0.8500
H	129	0.6667	0.5000	0.1500
H	130	0.6000	0.5000	0.3500
H	131	0.8000	0.7500	0.8500
H	133	0.6667	0.5000	0.1000
H	135	0.8000	0.7500	0.8000
H	136	0.8000	0.5000	0.6000
H	137	0.6667	0.5000	0.2000
H	143	0.8000	0.5000	0.7500
H	144	0.6667	0.5000	0.1500
H	145	0.8000	0.5000	0.2500
H	146	0.6000	0.5000	0.7500
H	147	0.6000	0.7500	0.6500
H	149	0.8000	0.7500	0.9000
H	151	0.6000	0.5000	0.3500
H	152	0.6667	0.5000	0.1500
H	153	0.6667	0.5000	0.3000
H	155	0.8000	0.5000	0.7500
H	156	0.6000	0.5000	0.6000
H	157	0.6000	0.7500	0.7500
H	158	0.8000	0.7500	0.9000
H	159	0.8000	0.5000	0.4500
H	160	0.6000	0.5000	0.3000
H	162	0.8000	0.7500	0.8500
H	163	0.8000	0.7500	0.4500
H	167	0.8000	0.5000	0.8000
H	168	0.8000	0.7500	0.8500
H	169	0.6000	0.5000	0.3000
H	170	0.6000	0.5000	0.4500
H	171	0.6667	0.5000	0.1500
H	174	0.6000	0.7500	0.6500
H	177	0.8000	0.7500	0.8500
H	178	0.6000	0.5000	0.3500
H	181	0.6000	0.5000	0.3500
H	182	0.6000	0.5000	0.2000
H	184	0.6000	0.5000	0.3500
H	185	0.6667	0.5000	0.1500
H	186	0.8000	0.7500	0.6000
H	187	0.8000	0.7500	0.9000
H	188	0.6667	0.5000	0.8000
H	189	0.6667	0.5000	0.3500
H	191	0.6667	0.5000	0.1500
H	193	0.6000	0.7500	0.9500
H	195	0.8000	0.5000	0.6500
H	196	0.8000	0.5000	0.6500
H	197	0.8000	0.5000	0.7000
H	199	0.6000	0.5000	0.3000
H	200	0.8000	0.7500	0.9000
H	201	0.8000	0.7500	0.8000
H	203	0.8000	0.5000	0.9000
H	207	0.8000	0.5000	0.9500
H	209	0.8000	0.7500	0.8000
H	211	0.8000	0.7500	0.9000
H	213	0.6000	0.5000	0.6500
H	216	0.6000	0.7500	0.5000
H3	28	0.6667	0.5000	0.3182
H3	30	0.6667	0.5000	0.3182
H3	32	0.6667	0.7500	0.9091
H3	43	0.6667	0.7500	0.7727
H3	55	0.6667	0.7500	0.9091
H3	56	0.6667	0.5000	0.9091
H3	57	0.6667	0.7500	0.8636
H3	62	0.6667	0.7500	0.7273
H3	63	0.6667	0.7500	0.8636
H3	64	0.6667	0.5000	0.7727
H3	66	0.6667	0.7500	0.9091
H3	67	0.6667	0.5000	0.5000
H3	70	0.6667	0.7500	0.9091
H3	71	0.6667	0.7500	0.9091
H3	72	0.6667	0.5000	0.7727
H3	73	0.6667	0.7500	0.9091
H3	74	0.6667	0.5000	0.0909
H3	79	0.6667	0.7500	0.7273
H3	83	0.6667	0.5000	0.2727
H3	84	0.6667	0.5000	0.7727
H3	85	0.6667	0.5000	0.4545
H3	86	0.6667	0.5000	0.6364
H3	88	0.6667	0.5000	0.0909
H3	89	0.6667	0.5000	0.3182
H3	90	0.6667	0.5000	0.1818
H3	91	0.6667	0.5000	0.5455
H3	92	0.6667	0.5000	0.2727
H3	93	0.6667	0.5000	0.3636
H3	95	0.6667	0.5000	0.7273
H3	96	0.6667	0.5000	0.0909
H3	98	0.6667	0.7500	0.8636
H3	99	0.6667	0.7500	0.8182
H3	102	0.6667	0.7500	0.7727
H3	103	0.6667	0.5000	0.5455
H3	105	0.6667	0.7500	0.9091
H3	107	0.6667	0.7500	0.8182
H3	108	0.6667	0.7500	0.9091
H3	109	0.6667	0.5000	0.1364
H3	110	0.6667	0.5000	0.5000
H3	111	0.6667	0.7500	0.9091
H3	115	0.6667	0.7500	0.9091
H3	116	0.6667	0.5000	0.2273
H3	118	0.6667	0.7500	0.7727
H3	119	0.6667	0.5000	0.6818
H3	120	0.6667	0.5000	0.5455
H3	121	0.6667	0.5000	0.1364
H3	123	0.6667	0.5000	0.5000
H3	125	0.6667	0.7500	0.9091
H3	126	0.6667	0.7500	0.7727
H3	127	0.6667	0.7500	0.7727
H3	128	0.6667	0.7500	0.8636
H3	129	0.6667	0.5000	0.5455
H3	130	0.6667	0.5000	0.2273
H3	131	0.6667	0.7500	0.8636
H3	133	0.6667	0.7500	0.6818
H3	136	0.6667	0.5000	0.1364
H3	137	0.6667	0.5000	0.2727
H3	139	0.6667	0.5000	0.9091
H3	140	0.6667	0.5000	0.1364
H3	143	0.6667	0.7500	0.6818
H3	144	0.6667	0.5000	0.3636
H3	145	0.6667	0.5000	0.4091
H3	146	0.6667	0.7500	0.6818
H3	147	0.6667	0.5000	0.0909
H3	149	0.6667	0.7500	0.9091
H3	151	0.6667	0.5000	0.0909
H3	152	0.6667	0.5000	0.3182
H3	155	0.6667	0.7500	0.7273
H3	156	0.6667	0.5000	0.6364
H3	158	0.6667	0.7500	0.9091
H3	159	0.6667	0.5000	0.5455
H3	160	0.6667	0.5000	0.5000
H3	162	0.6667	0.7500	0.8636
H3	163	0.6667	0.5000	0.5455
H3	167	0.6667	0.7500	0.7727
H3	168	0.6667	0.5000	0.9091
H3	169	0.6667	0.7500	0.5455
H3	170	0.6667	0.5000	0.0909
H3	171	0.6667	0.5000	0.2273
H3	173	0.6667	0.7500	0.5909
H3	174	0.6667	0.5000	0.6818
H3	177	0.6667	0.5000	0.9091
H3	178	0.6667	0.7500	0.2727
H3	181	0.6667	0.5000	0.3636
H3	182	0.6667	0.7500	0.5909
H3	184	0.6667	0.5000	0.5909
H3	185	0.6667	0.5000	0.5455
H3	186	0.6667	0.7500	0.6364
H3	187	0.6667	0.5000	0.9545
H3	189	0.6667	0.5000	0.0909
H3	191	0.6667	0.7500	0.4545
H3	193	0.6667	0.7500	0.9091
H3	195	0.6667	0.5000	0.3636
H3	196	0.6667	0.5000	0.1818
H3	197	0.6667	0.5000	0.1364
H3	199	0.6667	0.5000	0.3182
H3	200	0.6667	0.7500	0.9091
H3	201	0.6667	0.5000	0.1364
H3	203	0.6667	0.7500	0.8636
H3	207	0.6667	0.7500	0.9091
H3	209	0.6667	0.7500	0.8182
H3	211	0.6667	0.5000	0.9545
H3	213	0.6667	0.7500	0.5909
H3	216	0.6667	0.5000	0.3182
I	28	0.6667	0.5000	0.3810
I	30	0.7500	0.5000	0.5238
I	32	0.7500	0.7500	0.9048
I	43	0.7500	0.7500	0.7619
I	51	0.7500	0.7500	0.5714
I	55	0.7500	0.7500	0.9048
I	56	0.7500	0.7500	0.8095
I	57	0.7500	0.7500	0.8571
I	62	0.7500	0.7500	0.7143
I	63	0.7500	0.5000	0.9048
I	64	0.7500	0.5000	0.7143
I	66	0.7500	0.7500	0.9048
I	67	0.6667	0.5000	0.0952
I	70	0.6667	0.7500	0.9524
I	71	0.6667	0.7500	0.9524
I	72	0.7500	0.7500	0.7143
I	73	0.7500	0.7500	0.9048
I	74	0.7500	0.5000	0.3333
I	79	0.7500	0.5000	0.7619
I	80	0.7500	0.7500	0.8095
I	82	0.6667	0.5000	0.1905
I	83	0.6667	0.5000	0.3333
I	84	0.6667	0.5000	0.1905
I	85	0.6667	0.5000	0.0952
I	86	0.6667	0.5000	0.1905
I	88	0.6667	0.5000	0.2857
I	89	0.6667	0.5000	0.1905
I	90	0.6667	0.5000	0.3333
I	91	0.6667	0.5000	0.5714
I	92	0.6667	0.5000	0.1429
I	93	0.6667	0.5000	0.3810
I	95	0.7500	0.5000	0.7143
I	96	0.7500	0.5000	0.8571
I	98	0.6667	0.5000	0.0952
I	99	0.6667	0.5000	0.0952
I	102	0.7500	0.5000	0.8095
I	105	0.7500	0.7500	0.9048
I	106	0.7500	0.5000	0.5714
I	107	0.6667	0.7500	0.8571
I	108	0.7500	0.5000	0.9524
I	109	0.6667	0.7500	0.6667
I	110	0.6667	0.5000	0.0952
I	111	0.7500	0.7500	0.9048
I	116	0.7500	0.5000	0.5238
I	117	0.6667	0.5000	0.1429
I	118	0.6667	0.5000	0.1429
I	119	0.7500	0.5000	0.6667
I	120	0.6667	0.5000	0.1905
I	121	0.6667	0.7500	0.6667
I	122	0.6667	0.5000	0.1429
I	123	0.7500	0.5000	0.4286
I	125	0.7500	0.7500	0.9048
I	126	0.6667	0.5000	0.1429
I	127	0.6667	0.5000	0.1905
I	128	0.7500	0.7500	0.8571
I	129	0.6667	0.7500	0.4762
I	130	0.7500	0.5000	0.3333
I	131	0.7500	0.7500	0.8571
I	133	0.6667	0.7500	0.7143
I	135	0.7500	0.7500	0.8095
I	136	0.7500	0.5000	0.6667
I	137	0.6667	0.5000	0.1905
I	139	0.6667	0.7500	0.9048
I	140	0.6667	0.5000	0.0952
I	143	0.7500	0.5000	0.7143
I	144	0.6667	0.5000	0.1905
I	145	0.7500	0.5000	0.2857
I	146	0.7500	0.7500	0.6667
I	147	0.6667	0.5000	0.1905
I	148	0.6667	0.5000	0.2857
I	149	0.7500	0.7500	0.9048
I	151	0.7500	0.5000	0.3333
I	152	0.6667	0.5000	0.2381
I	153	0.6667	0.7500	0.1905
I	155	0.7500	0.5000	0.8095
I	156	0.6667	0.5000	0.2857
I	157	0.7500	0.7500	0.7143
I	158	0.7500	0.7500	0.9048
I	159	0.7500	0.5000	0.5238
I	160	0.6667	0.5000	0.5238
I	162	0.7500	0.7500	0.8571
I	163	0.7500	0.5000	0.5238
I	167	0.7500	0.5000	0.8095
I	168	0.7500	0.7500	0.8571
I	169	0.6667	0.5000	0.6190
I	170	0.6667	0.5000	0.2381
I	171	0.6667	0.5000	0.1429
I	173	0.6667	0.5000	0.6667
I	174	0.6667	0.5000	0.2857
I	177	0.7500	0.7500	0.8571
I	178	0.6667	0.5000	0.0952
I	181	0.6667	0.5000	0.3810
I	182	0.6667	0.5000	0.6667
I	184	0.6667	0.5000	0.6190
I	185	0.6667	0.5000	0.5714
I	186	0.7500	0.7500	0.6190
I	187	0.7500	0.7500	0.9048
I	188	0.6667	0.5000	0.1429
I	189	0.6667	0.5000	0.3333
I	191	0.6667	0.5000	0.5714
I	193	0.7500	0.7500	0.9048
I	195	0.7500	0.5000	0.6667
I	196	0.7500	0.5000	0.6667
I	197	0.7500	0.5000	0.6667
I	199	0.7500	0.5000	0.2381
I	200	0.7500	0.7500	0.9048
I	201	0.7500	0.7500	0.8095
I	203	0.7500	0.5000	0.9048
I	207	0.7500	0.5000	0.9524
I	209	0.7500	0.7500	0.8095
I	211	0.7500	0.7500	0.9048
I	213	0.7500	0.5000	0.6667
I	216	0.7500	0.7500	0.4762
I3	28	0.6000	0.5000	0.3333
I3	30	0.6000	0.5000	0.3333
I3	32	0.6000	0.8333	0.9444
I3	43	0.8000	0.6667	0.7778
I3	51	0.6667	0.8333	0.6111
I3	55	0.6000	0.8333	0.9444
I3	56	0.6000	0.8333	0.8333
I3	57	0.6000	0.8333	0.8889
I3	62	0.6667	0.3333	0.2222
I3	63	0.8000	0.6667	0.8889
I3	64	0.6000	0.6667	0.7222
I3	66	0.8000	0.8333	0.8889
I3	67	0.6000	0.3333	0.3889
I3	70	0.8000	0.8333	0.8889
I3	71	0.8000	0.8333	0.8889
I3	72	0.6000	0.8333	0.7222
I3	73	0.8000	0.8333	0.8889
I3	74	0.6667	0.5000	0.2222
I3	79	0.6667	0.5000	0.2222
I3	80	0.8000	0.8333	0.7778
I3	82	0.6667	0.5000	0.3889
I3	83	0.6667	0.5000	0.3333
I3	84	0.8000	0.6667	0.7222
I3	85	0.6000	0.5000	0.3889
I3	86	0.8000	0.6667	0.5556
I3	88	0.6667	0.3333	0.4444
I3	89	0.6667	0.3333	0.2222
I3	90	0.6667	0.5000	0.2222
I3	91	0.6667	0.6667	0.5556
I3	92	0.6667	0.3333	0.1111
I3	93	0.6667	0.5000	0.4444
I3	95	0.6000	0.5000	0.7778
I3	96	0.8000	0.6667	0.8333
I3	98	0.8000	0.6667	0.8889
I3	99	0.6000	0.6667	0.8889
I3	102	0.6000	0.6667	0.8333
I3	103	0.6000	0.3333	0.6111
I3	105	0.8000	0.8333	0.8889
I3	106	0.6000	0.5000	0.5556
I3	107	0.8000	0.8333	0.7778
I3	108	0.8000	0.8333	0.8889
I3	109	0.6000	0.5000	0.7222
I3	110	0.6000	0.6667	0.2778
I3	111	0.8000	0.8333	0.8889
I3	115	0.8000	0.8333	0.8889
I3	116	0.6000	0.3333	0.6111
I3	117	0.6667	0.5000	0.1667
I3	118	0.8000	0.8333	0.7222
I3	119	0.6667	0.5000	0.1111
I3	120	0.6000	0.6667	0.5000
I3	121	0.6000	0.5000	0.7222
I3	122	0.8000	0.8333	0.7222
I3	125	0.8000	0.6667	0.9444
I3	126	0.8000	0.6667	0.7778
I3	127	0.8000	0.6667	0.7778
I3	128	0.6667	0.5000	0.1111
I3	129	0.6667	0.3333	0.1667
I3	130	0.6667	0.5000	0.5000
I3	131	0.6667	0.5000	0.1111
I3	133	0.8000	0.6667	0.6667
I3	135	0.8000	0.8333	0.7778
I3	136	0.6000	0.5000	0.6667
I3	137	0.6000	0.3333	0.1667
I3	139	0.8000	0.8333	0.8333
I3	140	0.6000	0.3333	0.2222
I3	143	0.6000	0.5000	0.7778
I3	144	0.6667	0.5000	0.1667
I3	145	0.6667	0.5000	0.1667
I3	146	0.6667	0.3333	0.1667
I3	147	0.6000	0.6667	0.6667
I3	148	0.6667	0.3333	0.2222
I3	149	0.8000	0.8333	0.8889
I3	151	0.6667	0.3333	0.1111
I3	152	0.6000	0.3333	0.2778
I3	153	0.6667	0.3333	0.1667
I3	155	0.6000	0.6667	0.7778
I3	156	0.6667	0.5000	0.6667
I3	157	0.8000	0.8333	0.6667
I3	158	0.8000	0.8333	0.8889
I3	159	0.6000	0.5000	0.2222
I3	160	0.6000	0.5000	0.3333
I3	162	0.8000	0.6667	0.8889
I3	163	0.6000	0.3333	0.1111
I3	167	0.6000	0.6667	0.8333
I3	168	0.8000	0.6667	0.8889
I3	169	0.8000	0.3333	0.6111
I3	170	0.6000	0.5000	0.3889
I3	171	0.6000	0.3333	0.3333
I3	173	0.8000	0.6667	0.5556
I3	174	0.6000	0.5000	0.3333
I3	177	0.8000	0.6667	0.8889
I3	178	0.8000	0.5000	0.3333
I3	181	0.8000	0.5000	0.5000
I3	182	0.8000	0.6667	0.5556
I3	184	0.8000	0.6667	0.5000
I3	185	0.8000	0.5000	0.5000
I3	186	0.8000	0.3333	0.7222
I3	187	0.8000	0.8333	0.8889
I3	188	0.8000	0.6667	0.6667
I3	189	0.6000	0.5000	0.1111
I3	191	0.8000	0.3333	0.5000
I3	193	0.8000	0.8333	0.8889
I3	195	0.8000	0.5000	0.6111
I3	196	0.6000	0.5000	0.6667
I3	197	0.6000	0.5000	0.7222
I3	199	0.6000	0.5000	0.3889
I3	200	0.8000	0.8333	0.8889
I3	201	0.8000	0.6667	0.8333
I3	203	0.8000	0.6667	0.8889
I3	207	0.8000	0.8333	0.8889
I3	209	0.8000	0.5000	0.8889
I3	211	0.8000	0.8333	0.8889
I3	213	0.6000	0.6667	0.6111
I3	216	0.6000	0.5000	0.3333
J	28	0.7500	0.5000	0.3043
J	30	0.7500	0.5000	0.4783
J	32	0.7500	0.5000	0.9130
J	43	0.7500	0.5000	0.7826
J	51	0.7500	0.5000	0.6087
J	55	0.7500	0.5000	0.9130
J	56	0.7500	0.5000	0.8261
J	57	0.7500	0.5000	0.8696
J	62	0.7500	0.5000	0.1739
J	63	0.7500	0.5000	0.8696
J	64	0.7500	0.5000	0.6957
J	66	0.7500	0.5000	0.9130
J	67	0.7500	0.5000	0.4348
J	70	0.7500	0.5000	0.9130
J	71	0.7500	0.5000	0.9130
J	72	0.7500	0.5000	0.7391
J	73	0.7500	0.5000	0.9130
J	74	0.7500	0.5000	0.2174
J	79	0.7500	0.5000	0.7391
J	80	0.7500	0.5000	0.8261
J	82	0.6667	0.5000	0.3043
J	83	0.6667	0.5000	0.3478
J	84	0.7500	0.5000	0.7391
J	86	0.7500	0.5000	0.6087
J	88	0.6667	0.5000	0.3913
J	89	0.6667	0.5000	0.3043
J	90	0.7500	0.5000	0.2609
J	92	0.7500	0.5000	0.2174
J	93	0.6667	0.5000	0.3478
J	95	0.7500	0.5000	0.6957
J	96	0.6667	0.5000	0.8696
J	98	0.7500	0.5000	0.8696
J	99	0.7500	0.5000	0.8261
J	102	0.7500	0.5000	0.7826
J	103	0.6667	0.5000	0.5652
J	105	0.7500	0.5000	0.9130
J	106	0.6667	0.5000	0.5652
J	107	0.6667	0.5000	0.0870
J	108	0.7500	0.5000	0.9130
J	109	0.6667	0.5000	0.0870
J	110	0.6667	0.5000	0.4783
J	111	0.7500	0.5000	0.9130
J	115	0.7500	0.5000	0.9130
J	116	0.6667	0.5000	0.5652
J	117	0.6667	0.5000	0.0870
J	118	0.7500	0.5000	0.7826
J	119	0.7500	0.5000	0.6522
J	120	0.7500	0.5000	0.5217
J	121	0.6667	0.5000	0.0870
J	122	0.7500	0.5000	0.7826
J	123	0.6667	0.5000	0.4783
J	125	0.7500	0.5000	0.9130
J	126	0.7500	0.5000	0.7826
J	127	0.7500	0.5000	0.7826
J	128	0.7500	0.5000	0.8696
J	129	0.6667	0.5000	0.1304
J	130	0.6667	0.5000	0.3913
J	131	0.7500	0.5000	0.8696
J	133	0.6667	0.5000	0.0870
J	135	0.7500	0.5000	0.8261
J	136	0.7500	0.5000	0.6087
J	137	0.6667	0.5000	0.1739
J	139	0.7500	0.5000	0.8696
J	140	0.7500	0.5000	0.3478
J	143	0.6667	0.5000	0.7391
J	144	0.6667	0.5000	0.2174
J	145	0.6667	0.5000	0.3913
J	146	0.7500	0.5000	0.6957
J	147	0.7500	0.5000	0.6522
J	148	0.6667	0.5000	0.2609
J	149	0.7500	0.5000	0.9130
J	151	0.6667	0.5000	0.3478
J	152	0.6667	0.5000	0.1304
J	153	0.6667	0.5000	0.2609
J	155	0.7500	0.5000	0.7391
J	156	0.6667	0.5000	0.6087
J	157	0.6667	0.5000	0.1304
J	158	0.7500	0.5000	0.9130
J	159	0.6667	0.5000	0.5217
J	160	0.6667	0.5000	0.3043
J	162	0.7500	0.5000	0.8696
J	163	0.7500	0.5000	0.5217
J	167	0.6667	0.5000	0.8261
J	168	0.7500	0.5000	0.8696
J	169	0.6667	0.5000	0.6087
J	170	0.6667	0.5000	0.0870
J	171	0.7500	0.5000	0.2174
J	173	0.6667	0.5000	0.1304
J	174	0.7500	0.5000	0.6522
J	177	0.7500	0.5000	0.8696
J	178	0.6667	0.5000	0.3478
J	181	0.6667	0.5000	0.3478
J	182	0.6667	0.5000	0.1304
J	184	0.7500	0.5000	0.5652
J	185	0.6667	0.5000	0.5652
J	186	0.7500	0.5000	0.2609
J	187	0.7500	0.5000	0.9130
J	188	0.7500	0.5000	0.6957
J	189	0.6667	0.5000	0.3478
J	191	0.6667	0.5000	0.5217
J	193	0.7500	0.5000	0.9130
J	195	0.7500	0.5000	0.6087
J	196	0.7500	0.5000	0.6087
J	197	0.7500	0.5000	0.6522
J	199	0.6667	0.5000	0.1304
J	201	0.7500	0.5000	0.8261
J	203	0.7500	0.5000	0.8696
J	207	0.7500	0.5000	0.9130
J	209	0.7500	0.5000	0.0870
J	211	0.7500	0.5000	0.9130
J	213	0.7500	0.5000	0.6087
J	216	0.7500	0.5000	0.0870
K	28	0.6000	0.3333	0.3333
K	30	0.8000	0.3333	0.5000
K	32	0.8000	0.8333	0.8889
K	43	0.8000	0.8333	0.7222
K	51	0.8000	0.6667	0.5556
K	55	0.8000	0.8333	0.8889
K	56	0.8000	0.8333	0.7778
K	57	0.8000	0.8333	0.8333
K	62	0.6000	0.3333	0.1667
K	63	0.8000	0.6667	0.8889
K	64	0.8000	0.6667	0.6667
K	66	0.8000	0.8333	0.8889
K	67	0.8000	0.5000	0.3889
K	70	0.8000	0.8333	0.8889
K	71	0.8000	0.8333	0.8889
K	72	0.8000	0.5000	0.7778
K	73	0.8000	0.8333	0.8889
K	74	0.6000	0.3333	0.2222
K	79	0.8000	0.5000	0.7778
K	80	0.8000	0.6667	0.8333
K	82	0.6667	0.5000	0.1667
K	83	0.6667	0.5000	0.3889
K	84	0.6000	0.8333	0.7222
K	85	0.6667	0.5000	0.2778
K	86	0.6000	0.6667	0.6111
K	89	0.6667	0.3333	0.2222
K	90	0.8000	0.5000	0.2778
K	91	0.6000	0.5000	0.5556
K	92	0.6000	0.5000	0.2778
K	93	0.6667	0.3333	0.4444
K	95	0.8000	0.6667	0.6667
K	96	0.6667	0.5000	0.1111
K	98	0.6000	0.8333	0.8889
K	99	0.8000	0.8333	0.7778
K	102	0.8000	0.6667	0.7778
K	103	0.6000	0.3333	0.1667
K	105	0.8000	0.8333	0.8889
K	106	0.6667	0.3333	0.1111
K	107	0.6000	0.8333	0.8333
K	108	0.8000	0.6667	0.9444
K	109	0.6000	0.6667	0.6667
K	110	0.6000	0.3333	0.3889
K	111	0.8000	0.8333	0.8889
K	115	0.8000	0.8333	0.8889
K	116	0.6667	0.3333	0.1667
K	117	0.6667	0.3333	0.3333
K	118	0.8000	0.6667	0.7778
K	119	0.6000	0.6667	0.6667
K	120	0.6000	0.6667	0.5000
K	121	0.6000	0.8333	0.6111
K	122	0.8000	0.6667	0.7778
K	125	0.8000	0.8333	0.8889
K	126	0.8000	0.6667	0.7778
K	127	0.8000	0.6667	0.7778
K	128	0.8000	0.6667	0.8889
K	129	0.6667	0.6667	0.5000
K	131	0.8000	0.6667	0.8889
K	133	0.6000	0.8333	0.6667
K	135	0.8000	0.6667	0.8333
K	136	0.8000	0.5000	0.6111
K	137	0.6667	0.5000	0.1667
K	139	0.8000	0.8333	0.8333
K	140	0.8000	0.3333	0.3333
K	144	0.6667	0.3333	0.1667
K	145	0.6667	0.3333	0.3333
K	146	0.8000	0.6667	0.6667
K	147	0.6000	0.6667	0.6667
K	148	0.6667	0.5000	0.1667
K	149	0.8000	0.8333	0.8889
K	151	0.6667	0.3333	0.2222
K	152	0.6667	0.3333	0.2222
K	153	0.6667	0.3333	0.2778
K	155	0.8000	0.5000	0.7778
K	156	0.6667	0.3333	0.2778
K	157	0.6000	0.8333	0.7222
K	158	0.8000	0.6667	0.9444
K	159	0.6667	0.3333	0.2222
K	160	0.6667	0.3333	0.6111
K	162	0.8000	0.6667	0.8889
K	163	0.6000	0.3333	0.6111
K	168	0.8000	0.8333	0.8333
K	170	0.6667	0.3333	0.1667
K	171	0.6000	0.3333	0.2222
K	173	0.6000	0.6667	0.6111
K	174	0.8000	0.6667	0.6111
K	177	0.8000	0.8333	0.8333
K	178	0.6000	0.5000	0.1111
K	181	0.6000	0.5000	0.3333
K	182	0.6000	0.6667	0.6111
K	184	0.8000	0.6667	0.5000
K	185	0.6667	0.3333	0.2778
K	186	0.6000	0.5000	0.3333
K	187	0.8000	0.8333	0.8889
K	188	0.8000	0.6667	0.6667
K	189	0.6000	0.3333	0.2778
K	191	0.6000	0.3333	0.1111
K	193	0.8000	0.8333	0.8889
K	195	0.8000	0.5000	0.6111
K	196	0.8000	0.6667	0.5556
K	197	0.8000	0.5000	0.6667
K	199	0.6667	0.5000	0.4444
K	200	0.6000	0.8333	0.9444
K	201	0.8000	0.8333	0.7778
K	203	0.8000	0.6667	0.8889
K	207	0.8000	0.6667	0.9444
K	209	0.6000	0.5000	0.1111
K	211	0.8000	0.8333	0.8889
K	213	0.8000	0.5000	0.6111
K	216	0.8000	0.5000	0.5000
L	28	0.6667	0.5000	0.3182
L	30	0.6667	0.5000	0.0909
L	32	0.6667	0.7500	0.9091
L	51	0.6667	0.5000	0.3182
L	55	0.6667	0.7500	0.9091
L	56	0.6667	0.7500	0.8182
L	62	0.6667	0.5000	0.7727
L	63	0.6667	0.7500	0.8636
L	64	0.6667	0.7500	0.6818
L	66	0.6667	0.7500	0.9091
L	70	0.6667	0.7500	0.9091
L	71	0.6667	0.7500	0.9091
L	72	0.6667	0.7500	0.7273
L	73	0.6667	0.7500	0.9091
L	74	0.6667	0.5000	0.4091
L	79	0.6667	0.5000	0.7727
L	80	0.6667	0.7500	0.8182
L	82	0.6667	0.5000	0.0909
L	83	0.6667	0.5000	0.2273
L	85	0.6667	0.5000	0.2273
L	86	0.6667	0.5000	0.0909
L	88	0.6667	0.5000	0.3636
L	90	0.6667	0.5000	0.2273
L	91	0.6667	0.5000	0.0909
L	92	0.6667	0.5000	0.0909
L	93	0.6667	0.5000	0.4091
L	95	0.6667	0.5000	0.7273
L	96	0.6667	0.7500	0.8182
L	98	0.6667	0.7500	0.8636
L	99	0.6667	0.5000	0.8636
L	102	0.6667	0.7500	0.7727
L	106	0.6667	0.5000	0.5455
L	108	0.6667	0.7500	0.9091
L	109	0.6667	0.5000	0.6818
L	115	0.6667	0.7500	0.9091
L	116	0.6667	0.5000	0.5455
L	117	0.6667	0.5000	0.3182
L	118	0.6667	0.7500	0.7727
L	119	0.6667	0.5000	0.6818
L	121	0.6667	0.5000	0.6818
L	122	0.6667	0.7500	0.7727
L	123	0.6667	0.5000	0.5000
L	125	0.6667	0.7500	0.9091
L	126	0.6667	0.7500	0.7727
L	127	0.6667	0.7500	0.7727
L	128	0.6667	0.5000	0.9091
L	129	0.6667	0.5000	0.1364
L	130	0.6667	0.5000	0.3636
L	131	0.6667	0.5000	0.9091
L	135	0.6667	0.7500	0.8182
L	136	0.6667	0.5000	0.6364
L	137	0.6667	0.5000	0.1818
L	139	0.6667	0.7500	0.8636
L	140	0.6667	0.5000	0.1364
L	143	0.6667	0.7500	0.6818
L	144	0.6667	0.5000	0.3182
L	145	0.6667	0.5000	0.2727
L	146	0.6667	0.5000	0.1364
L	149	0.6667	0.7500	0.9091
L	151	0.6667	0.5000	0.3636
L	152	0.6667	0.5000	0.2727
L	153	0.6667	0.5000	0.2727
L	155	0.6667	0.7500	0.7273
L	156	0.6667	0.5000	0.5909
L	157	0.6667	0.5000	0.1364
L	158	0.6667	0.7500	0.9091
L	159	0.6667	0.7500	0.4545
L	160	0.6667	0.5000	0.3182
L	162	0.6667	0.5000	0.9091
L	163	0.6667	0.5000	0.5909
L	167	0.6667	0.7500	0.7727
L	168	0.6667	0.5000	0.9091
L	169	0.6667	0.5000	0.3182
L	170	0.6667	0.5000	0.2273
L	171	0.6667	0.5000	0.1364
L	174	0.6667	0.5000	0.3182
L	177	0.6667	0.7500	0.8636
L	178	0.6667	0.5000	0.3182
L	181	0.6667	0.5000	0.3182
L	182	0.6667	0.5000	0.1364
L	184	0.6667	0.5000	0.3636
L	185	0.6667	0.5000	0.5909
L	186	0.6667	0.5000	0.6818
L	187	0.6667	0.7500	0.9091
L	188	0.6667	0.7500	0.6818
L	191	0.6667	0.5000	0.1818
L	193	0.6667	0.7500	0.9091
L	195	0.6667	0.5000	0.6818
L	196	0.6667	0.5000	0.6818
L	197	0.6667	0.5000	0.6818
L	199	0.6667	0.5000	0.4545
L	200	0.6667	0.7500	0.9091
L	201	0.6667	0.5000	0.8636
L	203	0.6667	0.7500	0.8636
L	207	0.6667	0.7500	0.9091
L	209	0.6667	0.5000	0.8636
L	211	0.6667	0.7500	0.9091
L	213	0.6667	0.7500	0.5909
L	216	0.6667	0.7500	0.5000
M	28	0.6667	0.4000	0.3684
M	30	0.6667	0.4000	0.5789
M	32	0.8000	0.8000	0.8947
M	43	0.6000	0.6000	0.8421
M	51	0.8000	0.8000	0.5263
M	55	0.8000	0.8000	0.8947
M	56	0.8000	0.8000	0.7895
M	57	0.8000	0.8000	0.8421
M	62	0.8000	0.6000	0.7368
M	63	0.6000	0.6000	0.9474
M	64	0.6000	0.6000	0.7368
M	66	0.6000	0.8000	0.9474
M	67	0.6667	0.6000	0.4737
M	70	0.8000	0.8000	0.8947
M	71	0.8000	0.8000	0.8947
M	73	0.8000	0.8000	0.8947
M	74	0.6667	0.5000	0.1053
M	83	0.6667	0.6000	0.3684
M	84	0.6000	0.8000	0.7368
M	85	0.6000	0.6000	0.3684
M	86	0.6000	0.8000	0.5789
M	88	0.6667	0.5000	0.1053
M	89	0.6667	0.6000	0.2632
M	91	0.6000	0.8000	0.4737
M	92	0.8000	0.4000	0.4211
M	93	0.6667	0.4000	0.3684
M	95	0.6000	0.6000	0.7368
M	96	0.8000	0.6000	0.8421
M	98	0.8000	0.8000	0.8421
M	99	0.8000	0.8000	0.7895
M	102	0.6000	0.6000	0.8421
M	103	0.6667	0.5000	0.1053
M	105	0.8000	0.8000	0.8947
M	106	0.6000	0.4000	0.5789
M	107	0.8000	0.8000	0.7895
M	108	0.6000	0.8000	0.9474
M	109	0.6667	0.5000	0.1579
M	110	0.6000	0.4000	0.4737
M	111	0.8000	0.8000	0.8947
M	115	0.8000	0.8000	0.8947
M	116	0.6667	0.6000	0.1053
M	117	0.6000	0.6000	0.2105
M	118	0.8000	0.6000	0.7895
M	119	0.8000	0.8000	0.5789
M	120	0.8000	0.6000	0.4737
M	121	0.8000	0.4000	0.6842
M	122	0.8000	0.8000	0.7368
M	123	0.6000	0.5000	0.5263
M	125	0.8000	0.6000	0.9474
M	126	0.8000	0.6000	0.7895
M	127	0.8000	0.6000	0.7895
M	128	0.8000	0.8000	0.8421
M	129	0.8000	0.6000	0.4211
M	130	0.6000	0.4000	0.1579
M	131	0.8000	0.8000	0.8421
M	133	0.8000	0.8000	0.6316
M	135	0.6000	0.5000	0.5000
M	136	0.6000	0.5000	0.1053
M	137	0.6000	0.6000	0.1579
M	139	0.8000	0.8000	0.8421
M	140	0.6667	0.5000	0.1579
M	143	0.6000	0.4000	0.7895
M	144	0.8000	0.5000	0.3158
M	145	0.8000	0.4000	0.3158
M	146	0.8000	0.4000	0.7368
M	147	0.8000	0.8000	0.5789
M	148	0.6000	0.5000	0.2632
M	149	0.8000	0.8000	0.8947
M	151	0.6667	0.4000	0.2105
M	152	0.6000	0.4000	0.2632
M	153	0.6667	0.6000	0.2105
M	155	0.6000	0.5000	0.1053
M	156	0.6000	0.6000	0.5789
M	157	0.6000	0.6000	0.7895
M	158	0.8000	0.8000	0.8947
M	159	0.6667	0.5000	0.2632
M	160	0.6667	0.6000	0.5263
M	162	0.8000	0.8000	0.8421
M	163	0.6667	0.5000	0.1053
M	167	0.6667	0.6000	0.8947
M	168	0.8000	0.8000	0.8421
M	169	0.6000	0.5000	0.6842
M	170	0.6667	0.6000	0.4211
M	171	0.6000	0.4000	0.3158
M	173	0.8000	0.4000	0.6316
M	174	0.8000	0.8000	0.5789
M	177	0.8000	0.6000	0.8947
M	181	0.6000	0.4000	0.3684
M	182	0.8000	0.4000	0.6316
M	184	0.8000	0.4000	0.5789
M	185	0.6667	0.6000	0.5789
M	186	0.6000	0.4000	0.7368
M	187	0.8000	0.8000	0.8947
M	188	0.6667	0.4000	0.1053
M	189	0.6000	0.4000	0.2632
M	191	0.6000	0.5000	0.5789
M	193	0.8000	0.6000	0.9474
M	195	0.6000	0.4000	0.3158
M	196	0.6000	0.6000	0.6316
M	197	0.6667	0.5000	0.1053
M	199	0.6667	0.5000	0.1579
M	200	0.8000	0.8000	0.8947
M	201	0.8000	0.8000	0.7895
M	203	0.6000	0.6000	0.9474
M	207	0.6000	0.8000	0.9474
M	209	0.8000	0.6000	0.8421
M	211	0.8000	0.8000	0.8947
M	216	0.6000	0.4000	0.5789
N	28	0.6667	0.5714	0.2778
N	30	0.6667	0.5000	0.1111
N	32	0.7500	0.8571	0.8889
N	43	0.7500	0.7143	0.7778
N	51	0.7500	0.8571	0.5000
N	55	0.7500	0.8571	0.8889
N	56	0.7500	0.8571	0.7778
N	57	0.7500	0.8571	0.8333
N	62	0.7500	0.7143	0.7222
N	63	0.6667	0.5000	0.1111
N	64	0.6667	0.2857	0.2222
N	66	0.7500	0.8571	0.8889
N	67	0.6667	0.5000	0.5000
N	70	0.7500	0.7143	0.9444
N	71	0.7500	0.7143	0.9444
N	72	0.6667	0.7143	0.7778
N	73	0.7500	0.7143	0.9444
N	74	0.6667	0.5714	0.3333
N	79	0.6667	0.8571	0.7222
N	80	0.6667	0.7143	0.8889
N	82	0.6667	0.5000	0.1111
N	83	0.6667	0.4286	0.3333
N	84	0.7500	0.5714	0.7778
N	85	0.7500	0.2857	0.4444
N	86	0.7500	0.4286	0.6667
N	88	0.6667	0.4286	0.2778
N	89	0.6667	0.4286	0.5000
N	91	0.6667	0.2857	0.1667
N	92	0.7500	0.5000	0.5556
N	93	0.6667	0.5000	0.1111
N	95	0.6667	0.5000	0.1111
N	96	0.7500	0.7143	0.8333
N	98	0.7500	0.5714	0.9444
N	99	0.7500	0.7143	0.8333
N	102	0.6667	0.5000	0.1667
N	103	0.6667	0.4286	0.1667
N	105	0.7500	0.8571	0.8889
N	106	0.6667	0.2857	0.1111
N	107	0.7500	0.7143	0.8333
N	109	0.6667	0.7143	0.6667
N	110	0.7500	0.2857	0.5000
N	111	0.7500	0.8571	0.8889
N	115	0.7500	0.7143	0.9444
N	116	0.6667	0.5714	0.5556
N	117	0.6667	0.2857	0.3333
N	118	0.7500	0.7143	0.7778
N	119	0.7500	0.7143	0.6111
N	120	0.7500	0.5714	0.5000
N	121	0.7500	0.7143	0.6111
N	122	0.7500	0.7143	0.7778
N	123	0.6667	0.2857	0.3889
N	125	0.7500	0.8571	0.8889
N	126	0.7500	0.7143	0.7778
N	127	0.7500	0.7143	0.7778
N	128	0.7500	0.8571	0.8333
N	129	0.7500	0.4286	0.5000
N	130	0.7500	0.5000	0.2222
N	131	0.7500	0.8571	0.8333
N	133	0.7500	0.5714	0.7222
N	135	0.6667	0.8571	0.8333
N	136	0.6667	0.5000	0.1111
N	137	0.6667	0.2857	0.2222
N	139	0.7500	0.7143	0.8889
N	140	0.6667	0.5714	0.3333
N	143	0.6667	0.5000	0.1111
N	144	0.7500	0.5000	0.3889
N	145	0.7500	0.2857	0.3889
N	146	0.7500	0.8571	0.6111
N	147	0.7500	0.5714	0.6667
N	148	0.6667	0.2857	0.2222
N	149	0.7500	0.7143	0.9444
N	151	0.6667	0.5000	0.2222
N	152	0.7500	0.5000	0.3333
N	153	0.6667	0.2857	0.2778
N	155	0.7500	0.5000	0.1111
N	156	0.6667	0.5000	0.1111
N	157	0.7500	0.8571	0.6667
N	158	0.7500	0.8571	0.8889
N	159	0.6667	0.2857	0.2222
N	160	0.6667	0.5000	0.1111
N	162	0.7500	0.8571	0.8333
N	163	0.6667	0.5714	0.5556
N	167	0.6667	0.5000	0.1667
N	168	0.7500	0.8571	0.8333
N	169	0.7500	0.5714	0.5556
N	170	0.6667	0.2857	0.1667
N	173	0.7500	0.7143	0.5556
N	174	0.7500	0.5714	0.6667
N	177	0.7500	0.8571	0.8333
N	178	0.6667	0.2857	0.1111
N	181	0.7500	0.5714	0.2778
N	182	0.7500	0.7143	0.5556
N	184	0.7500	0.7143	0.5000
N	185	0.6667	0.4286	0.2222
N	186	0.7500	0.5714	0.6667
N	187	0.7500	0.8571	0.8889
N	188	0.6667	0.7143	0.7222
N	189	0.6667	0.2857	0.3889
N	191	0.6667	0.4286	0.1111
N	193	0.7500	0.8571	0.8889
N	195	0.7500	0.5000	0.3889
N	196	0.6667	0.5000	0.2222
N	197	0.6667	0.5000	0.1667
N	199	0.6667	0.4286	0.4444
N	200	0.7500	0.8571	0.8889
N	201	0.7500	0.8571	0.7778
N	209	0.7500	0.7143	0.8333
N	211	0.7500	0.8571	0.8889
N	213	0.6667	0.5000	0.3889
N	216	0.7500	0.5714	0.5000
T	28	0.6667	0.5000	0.3182
T	30	0.6667	0.5000	0.0909
T	32	0.6667	0.7500	0.9091
T	43	0.6667	0.5000	0.8182
T	51	0.6667	0.7500	0.5909
T	55	0.6667	0.7500	0.9091
T	56	0.6667	0.7500	0.8182
T	57	0.6667	0.7500	0.8636
T	62	0.6667	0.7500	0.7273
T	63	0.6667	0.7500	0.8636
T	64	0.6667	0.5000	0.7273
T	66	0.6667	0.7500	0.9091
T	67	0.6667	0.5000	0.4545
T	70	0.6667	0.7500	0.9091
T	71	0.6667	0.7500	0.9091
T	72	0.6667	0.5000	0.7727
T	73	0.6667	0.5000	0.9545
T	74	0.6667	0.5000	0.0909
T	79	0.6667	0.5000	0.1818
T	80	0.6667	0.5000	0.8636
T	82	0.6667	0.5000	0.3182
T	83	0.6667	0.5000	0.4091
T	84	0.6667	0.5000	0.7727
T	85	0.6667	0.5000	0.1818
T	86	0.6667	0.5000	0.6364
T	89	0.6667	0.5000	0.2273
T	90	0.6667	0.5000	0.2273
T	91	0.6667	0.5000	0.5455
T	92	0.6667	0.5000	0.2273
T	93	0.6667	0.5000	0.3636
T	95	0.6667	0.7500	0.6818
T	98	0.6667	0.5000	0.9091
T	99	0.6667	0.5000	0.8636
T	102	0.6667	0.7500	0.7727
T	103	0.6667	0.5000	0.5455
T	105	0.6667	0.7500	0.9091
T	106	0.6667	0.5000	0.1364
T	107	0.6667	0.7500	0.8182
T	108	0.6667	0.7500	0.9091
T	109	0.6667	0.7500	0.6364
T	110	0.6667	0.5000	0.5000
T	111	0.6667	0.7500	0.9091
T	115	0.6667	0.5000	0.9545
T	116	0.6667	0.5000	0.1818
T	117	0.6667	0.5000	0.2727
T	118	0.6667	0.5000	0.8182
T	121	0.6667	0.7500	0.6364
T	122	0.6667	0.5000	0.8182
T	123	0.6667	0.7500	0.4091
T	125	0.6667	0.7500	0.9091
T	126	0.6667	0.5000	0.8182
T	127	0.6667	0.5000	0.8182
T	128	0.6667	0.7500	0.8636
T	129	0.6667	0.5000	0.5000
T	130	0.6667	0.5000	0.3636
T	131	0.6667	0.7500	0.8636
T	133	0.6667	0.5000	0.7273
T	135	0.6667	0.7500	0.8182
T	136	0.6667	0.5000	0.0909
T	139	0.6667	0.7500	0.8636
T	140	0.6667	0.5000	0.2727
T	143	0.6667	0.5000	0.7273
T	144	0.6667	0.5000	0.3636
T	145	0.6667	0.5000	0.1364
T	146	0.6667	0.7500	0.6818
T	147	0.6667	0.5000	0.6818
T	148	0.6667	0.5000	0.2727
T	149	0.6667	0.5000	0.9545
T	153	0.6667	0.5000	0.2273
T	155	0.6667	0.5000	0.0909
T	156	0.6667	0.5000	0.5909
T	157	0.6667	0.7500	0.7273
T	158	0.6667	0.7500	0.9091
T	159	0.6667	0.5000	0.2273
T	160	0.6667	0.7500	0.4545
T	162	0.6667	0.7500	0.8636
T	167	0.6667	0.7500	0.7727
T	168	0.6667	0.7500	0.8636
T	169	0.6667	0.5000	0.3636
T	170	0.6667	0.5000	0.4545
T	171	0.6667	0.5000	0.1364
T	174	0.6667	0.7500	0.2273
T	177	0.6667	0.7500	0.8636
T	178	0.6667	0.5000	0.3636
T	181	0.6667	0.5000	0.3636
T	182	0.6667	0.5000	0.2273
T	184	0.6667	0.5000	0.4091
T	185	0.6667	0.5000	0.5455
T	186	0.6667	0.5000	0.6818
T	187	0.6667	0.7500	0.9091
T	188	0.6667	0.5000	0.7273
T	189	0.6667	0.5000	0.0909
T	191	0.6667	0.5000	0.1818
T	193	0.6667	0.7500	0.9091
T	195	0.6667	0.5000	0.3636
T	196	0.6667	0.5000	0.1364
T	197	0.6667	0.7500	0.6364
T	199	0.6667	0.5000	0.2727
T	200	0.6667	0.7500	0.9091
T	201	0.6667	0.7500	0.8182
T	203	0.6667	0.7500	0.8636
T	207	0.6667	0.7500	0.9091
T	209	0.6667	0.7500	0.8182
T	211	0.6667	0.7500	0.9091
T	213	0.6667	0.5000	0.3182
T	216	0.6667	0.7500	0.5000
U	28	0.6667	0.7500	0.2727
U	30	0.6667	0.5000	0.5455
U	32	0.6667	0.7500	0.9091
U	43	0.6667	0.5000	0.1364
U	51	0.6667	0.7500	0.5909
U	55	0.6667	0.7500	0.9091
U	56	0.6667	0.7500	0.8182
U	57	0.6667	0.7500	0.8636
U	62	0.6667	0.7500	0.7273
U	63	0.6667	0.5000	0.9091
U	64	0.6667	0.5000	0.1818
U	66	0.6667	0.7500	0.9091
U	67	0.6667	0.5000	0.4545
U	70	0.6667	0.7500	0.9091
U	71	0.6667	0.7500	0.9091
U	72	0.6667	0.5000	0.1818
U	79	0.6667	0.5000	0.7727
U	82	0.6667	0.5000	0.1364
U	83	0.6667	0.5000	0.2727
U	84	0.6667	0.7500	0.7273
U	85	0.6667	0.5000	0.4091
U	86	0.6667	0.7500	0.5909
U	89	0.6667	0.5000	0.0909
U	90	0.6667	0.5000	0.1818
U	91	0.6667	0.5000	0.1364
U	92	0.6667	0.5000	0.2273
U	93	0.6667	0.5000	0.3636
U	95	0.6667	0.5000	0.7273
U	96	0.6667	0.5000	0.8636
U	98	0.6667	0.7500	0.8636
U	99	0.6667	0.7500	0.8182
U	102	0.6667	0.5000	0.8182
U	103	0.6667	0.5000	0.5455
U	105	0.6667	0.7500	0.9091
U	107	0.6667	0.7500	0.8182
U	108	0.6667	0.5000	0.9545
U	109	0.6667	0.7500	0.6364
U	110	0.6667	0.5000	0.4091
U	111	0.6667	0.7500	0.9091
U	115	0.6667	0.7500	0.9091
U	116	0.6667	0.5000	0.1818
U	117	0.6667	0.5000	0.2727
U	118	0.6667	0.7500	0.7727
U	119	0.6667	0.5000	0.6818
U	120	0.6667	0.5000	0.5455
U	121	0.6667	0.7500	0.6364
U	122	0.6667	0.7500	0.7727
U	123	0.6667	0.5000	0.4545
U	125	0.6667	0.7500	0.9091
U	126	0.6667	0.7500	0.7727
U	127	0.6667	0.7500	0.7727
U	128	0.6667	0.7500	0.8636
U	129	0.6667	0.5000	0.0909
U	130	0.6667	0.5000	0.1364
U	131	0.6667	0.7500	0.8636
U	135	0.6667	0.7500	0.8182
U	136	0.6667	0.5000	0.6818
U	137	0.6667	0.5000	0.1818
U	139	0.6667	0.7500	0.8636
U	140	0.6667	0.5000	0.3636
U	143	0.6667	0.5000	0.0909
U	144	0.6667	0.5000	0.1364
U	145	0.6667	0.5000	0.3636
U	146	0.6667	0.7500	0.6818
U	147	0.6667	0.7500	0.6364
U	148	0.6667	0.5000	0.2727
U	151	0.6667	0.5000	0.2273
U	152	0.6667	0.5000	0.2727
U	153	0.6667	0.5000	0.1818
U	155	0.6667	0.5000	0.8182
U	156	0.6667	0.5000	0.5909
U	157	0.6667	0.7500	0.7273
U	158	0.6667	0.7500	0.9091
U	159	0.6667	0.5000	0.2273
U	160	0.6667	0.5000	0.5000
U	162	0.6667	0.7500	0.8636
U	167	0.6667	0.5000	0.8182
U	168	0.6667	0.7500	0.8636
U	169	0.6667	0.5000	0.5909
U	171	0.6667	0.5000	0.3636
U	173	0.6667	0.5000	0.6364
U	174	0.6667	0.5000	0.2727
U	177	0.6667	0.7500	0.8636
U	178	0.6667	0.5000	0.3636
U	181	0.6667	0.5000	0.0909
U	182	0.6667	0.5000	0.6364
U	184	0.6667	0.5000	0.5909
U	185	0.6667	0.5000	0.2273
U	186	0.6667	0.5000	0.3182
U	187	0.6667	0.7500	0.9091
U	188	0.6667	0.7500	0.6818
U	189	0.6667	0.5000	0.3182
U	191	0.6667	0.5000	0.5455
U	193	0.6667	0.7500	0.9091
U	195	0.6667	0.5000	0.6818
U	196	0.6667	0.5000	0.6818
U	197	0.6667	0.5000	0.6818
U	199	0.6667	0.5000	0.4091
U	200	0.6667	0.7500	0.9091
U	201	0.6667	0.7500	0.8182
U	203	0.6667	0.5000	0.9091
U	207	0.6667	0.5000	0.9545
U	209	0.6667	0.7500	0.8182
U	211	0.6667	0.7500	0.9091
U	213	0.6667	0.5000	0.6818
U	216	0.6667	0.7500	0.5000
