allele	pos	near	far	med
A	28	0.6000	0.3333	0.3333
A	30	0.6000	0.3333	0.5556
A	31	0.8000	0.8333	0.9444
A	32	0.8000	0.8333	0.8889
A	33	0.8000	0.8333	0.9444
A	34	0.8000	0.8333	0.9444
A	35	0.8000	0.8333	0.9444
A	38	0.8000	0.8333	0.9444
A	42	0.8000	0.8333	0.9444
A	44	0.8000	0.6667	0.7778
A	45	0.8000	0.8333	0.9444
A	52	0.6000	0.5000	0.3333
A	56	0.8000	0.8333	0.8889
A	57	0.6000	0.5000	0.1111
A	58	0.8000	0.8333	0.8333
A	59	0.8000	0.8333	0.9444
A	63	0.6000	0.6667	0.7778
A	64	0.8000	0.5000	0.9444
A	65	0.6000	0.5000	0.1111
A	66	0.8000	0.8333	0.9444
A	67	0.8000	0.8333	0.8889
A	68	0.8000	0.5000	0.2778
A	70	0.8000	0.8333	0.9444
A	71	0.8000	0.8333	0.8889
A	72	0.8000	0.8333	0.8889
A	73	0.6667	0.5000	0.2222
A	74	0.8000	0.8333	0.8889
A	75	0.6667	0.5000	0.1667
A	76	0.8000	0.8333	0.9444
A	77	0.8000	0.8333	0.9444
A	80	0.6000	0.8333	0.7222
A	81	0.8000	0.6667	0.8333
A	82	0.8000	0.8333	0.9444
A	84	0.6667	0.5000	0.3889
A	85	0.6000	0.8333	0.7222
A	86	0.6667	0.5000	0.2222
A	87	0.6000	0.8333	0.5556
A	88	0.8000	0.8333	0.9444
A	89	0.6000	0.3333	0.2778
A	90	0.6667	0.5000	0.1667
A	91	0.6000	0.3333	0.2778
A	93	0.8000	0.8333	0.9444
A	94	0.6000	0.5000	0.4444
A	95	0.6667	0.5000	0.3889
A	97	0.6000	0.5000	0.7778
A	98	0.8000	0.5000	0.8889
A	100	0.8000	0.8333	0.8333
A	101	0.8000	0.8333	0.7778
A	103	0.8000	0.8333	0.9444
A	104	0.8000	0.5000	0.8333
A	105	0.6000	0.3333	0.6111
A	107	0.8000	0.8333	0.8889
A	108	0.8000	0.3333	0.5556
A	109	0.8000	0.8333	0.7778
A	110	0.8000	0.6667	0.9444
A	111	0.6667	0.3333	0.5000
A	112	0.8000	0.5000	0.2778
A	113	0.8000	0.8333	0.8889
A	117	0.8000	0.8333	0.8889
A	118	0.6667	0.5000	0.1111
A	119	0.6667	0.5000	0.2778
A	120	0.8000	0.8333	0.7222
A	121	0.8000	0.8333	0.9444
A	122	0.6667	0.8333	0.6667
A	123	0.6000	0.8333	0.4444
A	124	0.6667	0.5000	0.1111
A	125	0.8000	0.6667	0.7778
A	126	0.6000	0.5000	0.2778
A	128	0.8000	0.6667	0.9444
A	129	0.8000	0.6667	0.7778
A	130	0.8000	0.6667	0.7778
A	131	0.6000	0.8333	0.8889
A	132	0.6667	0.5000	0.1111
A	133	0.6000	0.3333	0.1111
A	134	0.6000	0.8333	0.8889
A	136	0.8000	0.8333	0.6111
A	137	0.8000	0.8333	0.9444
A	138	0.8000	0.6667	0.8333
A	139	0.8000	0.3333	0.6667
A	142	0.6000	0.8333	0.8889
A	143	0.6000	0.5000	0.2778
A	144	0.8000	0.8333	0.9444
A	146	0.8000	0.3333	0.7778
A	147	0.6667	0.5000	0.1667
A	148	0.6667	0.5000	0.1111
A	149	0.6000	0.6667	0.7222
A	150	0.6667	0.5000	0.2222
A	151	0.6667	0.3333	0.2778
A	152	0.8000	0.8333	0.8889
A	153	0.8000	0.8333	0.9444
A	154	0.6667	0.5000	0.4444
A	155	0.6667	0.3333	0.2222
A	156	0.6000	0.3333	0.2222
A	158	0.8000	0.5000	0.7778
A	159	0.6000	0.3333	0.2222
A	160	0.8000	0.6667	0.7222
A	161	0.8000	0.8333	0.8889
A	162	0.6000	0.5000	0.2222
A	163	0.6000	0.5000	0.3333
A	164	0.8000	0.8333	0.9444
A	165	0.8000	0.8333	0.8333
A	166	0.6000	0.5000	0.1667
A	169	0.8000	0.8333	0.9444
A	170	0.8000	0.5000	0.8333
A	171	0.6000	0.8333	0.8889
A	172	0.8000	0.5000	0.5556
A	173	0.6000	0.3333	0.4444
A	174	0.6000	0.5000	0.3889
A	176	0.8000	0.6667	0.5556
A	177	0.6000	0.5000	0.3333
A	178	0.8000	0.8333	0.9444
A	179	0.8000	0.8333	0.9444
A	180	0.8000	0.8333	0.9444
A	182	0.6000	0.6667	0.9444
A	183	0.8000	0.3333	0.2778
A	184	0.8000	0.8333	0.9444
A	185	0.8000	0.8333	0.9444
A	186	0.6000	0.5000	0.1111
A	187	0.8000	0.6667	0.5556
A	189	0.6000	0.6667	0.5556
A	190	0.6000	0.5000	0.5556
A	191	0.8000	0.5000	0.6667
A	192	0.6000	0.8333	0.9444
A	193	0.8000	0.5000	0.7222
A	194	0.6000	0.5000	0.1111
A	196	0.8000	0.3333	0.5000
A	198	0.8000	0.8333	0.8889
A	200	0.8000	0.3333	0.6667
A	201	0.8000	0.3333	0.6667
A	202	0.8000	0.3333	0.7222
A	203	0.8000	0.8333	0.9444
A	204	0.8000	0.6667	0.2778
A	205	0.8000	0.8333	0.8889
A	206	0.8000	0.6667	0.8333
A	207	0.8000	0.8333	0.9444
A	208	0.8000	0.5000	0.9444
A	211	0.8000	0.8333	0.9444
A	212	0.8000	0.6667	0.9444
A	213	0.8000	0.8333	0.9444
A	214	0.8000	0.6667	0.8333
A	216	0.6000	0.8333	0.9444
A	217	0.8000	0.8333	0.9444
A	218	0.8000	0.5000	0.6111
A	221	0.6000	0.5000	0.5556
A3	28	0.6667	0.5000	0.3500
A3	30	0.6667	0.5000	0.3500
A3	31	0.7500	0.8000	0.9500
A3	32	0.7500	0.8000	0.9000
A3	33	0.7500	0.8000	0.9500
A3	34	0.7500	0.8000	0.9500
A3	35	0.7500	0.8000	0.9500
A3	38	0.7500	0.8000	0.9500
A3	42	0.7500	0.8000	0.9500
A3	44	0.7500	0.8000	0.7500
A3	45	0.7500	0.8000	0.9500
A3	52	0.7500	0.6000	0.6000
A3	56	0.7500	0.8000	0.9000
A3	57	0.7500	0.6000	0.8500
A3	58	0.7500	0.8000	0.8500
A3	59	0.7500	0.8000	0.9500
A3	63	0.7500	0.6000	0.7500
A3	64	0.7500	0.8000	0.8500
A3	65	0.7500	0.6000	0.7000
A3	66	0.7500	0.8000	0.9500
A3	67	0.7500	0.8000	0.9000
A3	68	0.7500	0.4000	0.4500
A3	70	0.7500	0.8000	0.9500
A3	71	0.6667	0.8000	0.9500
A3	72	0.6667	0.8000	0.9500
A3	73	0.7500	0.6000	0.7500
A3	74	0.7500	0.8000	0.9000
A3	75	0.7500	0.5000	0.4000
A3	76	0.7500	0.8000	0.9500
A3	77	0.7500	0.8000	0.9500
A3	80	0.6667	0.4000	0.1500
A3	81	0.7500	0.6000	0.8500
A3	82	0.7500	0.8000	0.9500
A3	83	0.6667	0.5000	0.1000
A3	84	0.6667	0.4000	0.2500
A3	85	0.7500	0.8000	0.7000
A3	86	0.6667	0.6000	0.4000
A3	87	0.6667	0.6000	0.6500
A3	88	0.7500	0.8000	0.9500
A3	90	0.6667	0.4000	0.3000
A3	91	0.6667	0.4000	0.1500
A3	92	0.6667	0.6000	0.5500
A3	93	0.7500	0.8000	0.9500
A3	94	0.6667	0.5000	0.1000
A3	95	0.7500	0.6000	0.2500
A3	97	0.7500	0.8000	0.6500
A3	98	0.7500	0.8000	0.8000
A3	100	0.7500	0.8000	0.8500
A3	101	0.7500	0.8000	0.8000
A3	103	0.7500	0.8000	0.9500
A3	104	0.7500	0.8000	0.7500
A3	105	0.7500	0.6000	0.5000
A3	107	0.7500	0.8000	0.9000
A3	109	0.6667	0.8000	0.8500
A3	110	0.7500	0.8000	0.9000
A3	111	0.6667	0.6000	0.7000
A3	112	0.7500	0.6000	0.4000
A3	113	0.7500	0.8000	0.9000
A3	117	0.7500	0.8000	0.9000
A3	118	0.6667	0.5000	0.2500
A3	119	0.6667	0.5000	0.3500
A3	121	0.7500	0.8000	0.9500
A3	122	0.7500	0.6000	0.6500
A3	123	0.6667	0.4000	0.1500
A3	125	0.7500	0.6000	0.8000
A3	126	0.6667	0.5000	0.4000
A3	128	0.7500	0.8000	0.9000
A3	129	0.7500	0.6000	0.8000
A3	130	0.7500	0.6000	0.8000
A3	131	0.7500	0.6000	0.9000
A3	132	0.6667	0.5000	0.1000
A3	133	0.6667	0.4000	0.2000
A3	134	0.7500	0.6000	0.9000
A3	136	0.6667	0.8000	0.7000
A3	137	0.7500	0.8000	0.9500
A3	138	0.7500	0.6000	0.8500
A3	139	0.7500	0.6000	0.6000
A3	140	0.6667	0.4000	0.2500
A3	142	0.6667	0.8000	0.9000
A3	143	0.6667	0.4000	0.2500
A3	144	0.7500	0.8000	0.9500
A3	146	0.7500	0.6000	0.7000
A3	147	0.6667	0.5000	0.2000
A3	148	0.7500	0.5000	0.3000
A3	149	0.6667	0.4000	0.5000
A3	150	0.7500	0.8000	0.6000
A3	152	0.7500	0.8000	0.9000
A3	153	0.7500	0.8000	0.9500
A3	154	0.6667	0.5000	0.1000
A3	155	0.6667	0.5000	0.3000
A3	156	0.6667	0.6000	0.2000
A3	158	0.7500	0.6000	0.7500
A3	159	0.7500	0.8000	0.5000
A3	160	0.6667	0.5000	0.1500
A3	161	0.7500	0.8000	0.9000
A3	162	0.7500	0.6000	0.4500
A3	163	0.7500	0.5000	0.3000
A3	164	0.7500	0.8000	0.9500
A3	165	0.7500	0.8000	0.8500
A3	166	0.7500	0.4000	0.5500
A3	169	0.7500	0.8000	0.9500
A3	170	0.7500	0.8000	0.7500
A3	171	0.7500	0.8000	0.8500
A3	172	0.7500	0.4000	0.3000
A3	173	0.7500	0.6000	0.3500
A3	174	0.6667	0.6000	0.3000
A3	177	0.7500	0.8000	0.6000
A3	178	0.7500	0.8000	0.9500
A3	179	0.7500	0.8000	0.9500
A3	180	0.7500	0.8000	0.9500
A3	182	0.7500	0.8000	0.8500
A3	183	0.7500	0.4000	0.3000
A3	184	0.7500	0.8000	0.9500
A3	185	0.7500	0.8000	0.9500
A3	186	0.7500	0.4000	0.3000
A3	187	0.7500	0.4000	0.1500
A3	189	0.7500	0.6000	0.3000
A3	190	0.6667	0.6000	0.5500
A3	191	0.7500	0.8000	0.6000
A3	192	0.7500	0.8000	0.9000
A3	193	0.6667	0.4000	0.5000
A3	194	0.6667	0.4000	0.5000
A3	196	0.6667	0.4000	0.1500
A3	200	0.7500	0.5000	0.7000
A3	201	0.7500	0.4000	0.6500
A3	202	0.7500	0.4000	0.7000
A3	203	0.7500	0.8000	0.9500
A3	204	0.6667	0.4000	0.4500
A3	205	0.7500	0.8000	0.9000
A3	206	0.7500	0.8000	0.8000
A3	207	0.7500	0.8000	0.9500
A3	208	0.7500	0.8000	0.8500
A3	211	0.7500	0.8000	0.9500
A3	212	0.7500	0.8000	0.9000
A3	213	0.7500	0.8000	0.9500
A3	214	0.7500	0.8000	0.8000
A3	216	0.7500	0.8000	0.9000
A3	217	0.7500	0.8000	0.9500
A3	218	0.6667	0.5000	0.3500
A3	221	0.6667	0.5000	0.3500
B	28	0.7500	0.2857	0.3333
B	30	0.7500	0.2857	0.5556
B	31	0.7500	0.8571	0.9444
B	32	0.7500	0.8571	0.8889
B	33	0.7500	0.8571	0.9444
B	34	0.7500	0.8571	0.9444
B	35	0.7500	0.8571	0.9444
B	38	0.7500	0.8571	0.9444
B	42	0.7500	0.8571	0.9444
B	44	0.7500	0.7143	0.7778
B	45	0.7500	0.8571	0.9444
B	52	0.7500	0.2857	0.2778
B	56	0.7500	0.8571	0.8889
B	57	0.7500	0.5000	0.1111
B	58	0.7500	0.8571	0.8333
B	59	0.7500	0.8571	0.9444
B	63	0.7500	0.8571	0.6667
B	64	0.7500	0.7143	0.8889
B	65	0.7500	0.2857	0.1667
B	66	0.7500	0.8571	0.9444
B	67	0.7500	0.7143	0.9444
B	68	0.7500	0.4286	0.3333
B	70	0.7500	0.8571	0.9444
B	71	0.7500	0.8571	0.8889
B	72	0.7500	0.8571	0.8889
B	73	0.6667	0.4286	0.8889
B	74	0.7500	0.8571	0.8889
B	75	0.6667	0.2857	0.4444
B	76	0.7500	0.8571	0.9444
B	77	0.7500	0.8571	0.9444
B	80	0.7500	0.7143	0.7222
B	81	0.7500	0.5714	0.8889
B	82	0.7500	0.8571	0.9444
B	83	0.6667	0.2857	0.1667
B	84	0.6667	0.4286	0.3333
B	85	0.6667	0.2857	0.1667
B	86	0.6667	0.2857	0.2222
B	87	0.6667	0.2857	0.1667
B	88	0.7500	0.8571	0.9444
B	89	0.7500	0.4286	0.2222
B	90	0.6667	0.2857	0.1667
B	91	0.7500	0.5000	0.3333
B	92	0.6667	0.5714	0.5556
B	93	0.7500	0.8571	0.9444
B	94	0.7500	0.7143	0.3333
B	95	0.6667	0.5000	0.1111
B	97	0.6667	0.5000	0.1111
B	98	0.7500	0.7143	0.8333
B	100	0.7500	0.8571	0.8333
B	101	0.7500	0.8571	0.7778
B	103	0.7500	0.8571	0.9444
B	104	0.7500	0.7143	0.7778
B	105	0.6667	0.2857	0.2222
B	107	0.7500	0.8571	0.8889
B	108	0.7500	0.4286	0.5556
B	109	0.7500	0.8571	0.7778
B	110	0.7500	0.7143	0.9444
B	111	0.6667	0.5714	0.7222
B	112	0.7500	0.2857	0.3889
B	113	0.7500	0.8571	0.8889
B	117	0.7500	0.8571	0.8889
B	118	0.6667	0.4286	0.6111
B	119	0.6667	0.2857	0.3333
B	120	0.7500	0.7143	0.7778
B	121	0.7500	0.8571	0.9444
B	122	0.6667	0.5000	0.1667
B	123	0.6667	0.5000	0.2222
B	124	0.6667	0.7143	0.6667
B	125	0.7500	0.5714	0.8333
B	126	0.7500	0.2857	0.3333
B	128	0.7500	0.8571	0.8889
B	129	0.7500	0.7143	0.7778
B	130	0.7500	0.7143	0.7778
B	131	0.7500	0.8571	0.8333
B	132	0.6667	0.5000	0.2222
B	133	0.7500	0.5000	0.1667
B	134	0.7500	0.8571	0.8333
B	136	0.7500	0.8571	0.6111
B	137	0.7500	0.8571	0.9444
B	138	0.7500	0.4286	0.9444
B	139	0.7500	0.2857	0.7222
B	140	0.6667	0.5000	0.2222
B	144	0.7500	0.8571	0.9444
B	146	0.7500	0.7143	0.6667
B	147	0.6667	0.5000	0.2778
B	148	0.6667	0.5000	0.1111
B	149	0.7500	0.8571	0.6111
B	150	0.6667	0.5714	0.7222
B	151	0.6667	0.2857	0.2222
B	152	0.7500	0.8571	0.8889
B	153	0.7500	0.8571	0.9444
B	154	0.6667	0.2857	0.2222
B	155	0.6667	0.2857	0.2778
B	156	0.7500	0.2857	0.2222
B	158	0.7500	0.5714	0.7778
B	159	0.7500	0.2857	0.2222
B	160	0.7500	0.5714	0.7778
B	161	0.7500	0.7143	0.9444
B	162	0.6667	0.2857	0.2222
B	163	0.6667	0.4286	0.5556
B	164	0.7500	0.8571	0.9444
B	165	0.7500	0.7143	0.8889
B	166	0.6667	0.5714	0.5556
B	169	0.7500	0.8571	0.9444
B	170	0.7500	0.5714	0.8333
B	172	0.7500	0.7143	0.5000
B	173	0.6667	0.2857	0.1667
B	174	0.6667	0.4286	0.2222
B	176	0.7500	0.7143	0.5556
B	177	0.6667	0.8571	0.6111
B	178	0.7500	0.8571	0.9444
B	179	0.7500	0.8571	0.9444
B	180	0.7500	0.8571	0.9444
B	183	0.7500	0.4286	0.2778
B	184	0.7500	0.8571	0.9444
B	185	0.7500	0.8571	0.9444
B	186	0.6667	0.5714	0.3333
B	187	0.7500	0.7143	0.5556
B	189	0.6667	0.2857	0.4444
B	191	0.7500	0.7143	0.6111
B	193	0.7500	0.5714	0.7222
B	194	0.6667	0.4286	0.3333
B	196	0.7500	0.5714	0.4444
B	198	0.7500	0.8571	0.8889
B	200	0.7500	0.4286	0.6667
B	201	0.7500	0.5714	0.6111
B	202	0.7500	0.4286	0.7222
B	203	0.7500	0.8571	0.9444
B	204	0.7500	0.2857	0.4444
B	205	0.7500	0.8571	0.8889
B	206	0.7500	0.7143	0.8333
B	207	0.7500	0.8571	0.9444
B	208	0.7500	0.7143	0.8889
B	211	0.7500	0.8571	0.9444
B	212	0.7500	0.7143	0.9444
B	213	0.7500	0.8571	0.9444
B	214	0.7500	0.8571	0.7778
B	217	0.7500	0.8571	0.9444
B	218	0.7500	0.4286	0.6667
B	221	0.7500	0.4286	0.5556
C	28	0.5000	0.2500	0.4000
C	30	0.8333	0.2500	0.5333
C	31	0.8333	0.8750	0.9333
C	32	0.8333	0.7500	0.9333
C	33	0.8333	0.8750	0.9333
C	34	0.8333	0.8750	0.9333
C	35	0.8333	0.8750	0.9333
C	38	0.8333	0.8750	0.9333
C	42	0.8333	0.8750	0.9333
C	44	0.8333	0.7500	0.7333
C	45	0.8333	0.8750	0.9333
C	52	0.8333	0.6250	0.5333
C	56	0.8333	0.7500	0.9333
C	57	0.8333	0.8750	0.7333
C	58	0.8333	0.7500	0.8667
C	59	0.8333	0.8750	0.9333
C	63	0.5000	0.7500	0.8000
C	64	0.8333	0.7500	0.8667
C	65	0.8333	0.7500	0.6000
C	66	0.8333	0.8750	0.9333
C	67	0.8333	0.7500	0.9333
C	68	0.6667	0.3750	0.4667
C	70	0.8333	0.8750	0.9333
C	71	0.8333	0.8750	0.8667
C	72	0.8333	0.8750	0.8667
C	73	0.8333	0.5000	0.8000
C	74	0.8333	0.8750	0.8667
C	75	0.6667	0.3750	0.4667
C	76	0.8333	0.8750	0.9333
C	77	0.8333	0.8750	0.9333
C	80	0.6667	0.6250	0.8000
C	81	0.8333	0.7500	0.8000
C	82	0.8333	0.8750	0.9333
C	83	0.6667	0.2500	0.2000
C	84	0.5000	0.5000	0.2667
C	85	0.6667	0.2500	0.2000
C	86	0.6667	0.5000	0.1333
C	87	0.6667	0.2500	0.2000
C	88	0.8333	0.8750	0.9333
C	89	0.6667	0.5000	0.2667
C	90	0.6667	0.2500	0.2000
C	91	0.5000	0.5000	0.4000
C	92	0.6667	0.5000	0.5333
C	93	0.8333	0.8750	0.9333
C	94	0.6667	0.2500	0.1333
C	97	0.6667	0.6250	0.7333
C	98	0.6667	0.8750	0.8000
C	100	0.6667	0.5000	0.1333
C	101	0.6667	0.7500	0.8667
C	103	0.8333	0.8750	0.9333
C	104	0.8333	0.6250	0.8000
C	105	0.5000	0.3750	0.1333
C	107	0.8333	0.8750	0.8667
C	108	0.5000	0.5000	0.6000
C	109	0.8333	0.8750	0.7333
C	110	0.8333	0.7500	0.9333
C	111	0.6667	0.7500	0.6000
C	112	0.6667	0.3750	0.3333
C	113	0.8333	0.8750	0.8667
C	117	0.8333	0.8750	0.8667
C	118	0.5000	0.6250	0.5333
C	119	0.6667	0.3750	0.3333
C	120	0.8333	0.7500	0.7333
C	121	0.8333	0.8750	0.9333
C	122	0.6667	0.2500	0.1333
C	123	0.6667	0.2500	0.2000
C	124	0.6667	0.8750	0.5333
C	125	0.8333	0.7500	0.7333
C	126	0.6667	0.3750	0.4000
C	128	0.8333	0.8750	0.8667
C	129	0.8333	0.7500	0.7333
C	130	0.8333	0.7500	0.7333
C	131	0.6667	0.7500	0.9333
C	132	0.5000	0.2500	0.1333
C	133	0.6667	0.2500	0.1333
C	134	0.6667	0.7500	0.9333
C	136	0.6667	0.8750	0.6000
C	137	0.8333	0.8750	0.9333
C	138	0.8333	0.6250	0.8667
C	139	0.6667	0.3750	0.7333
C	140	0.5000	0.5000	0.2000
C	142	0.8333	0.8750	0.8000
C	143	0.5000	0.3750	0.4000
C	144	0.8333	0.8750	0.9333
C	146	0.6667	0.6250	0.7333
C	147	0.6667	0.5000	0.2000
C	148	0.6667	0.5000	0.1333
C	149	0.6667	0.7500	0.6667
C	150	0.6667	0.2500	0.2000
C	151	0.6667	0.2500	0.3333
C	152	0.8333	0.8750	0.8667
C	153	0.8333	0.8750	0.9333
C	154	0.6667	0.3750	0.4000
C	155	0.6667	0.5000	0.2000
C	156	0.6667	0.3750	0.2667
C	158	0.8333	0.5000	0.8000
C	159	0.5000	0.5000	0.6667
C	160	0.8333	0.7500	0.6667
C	161	0.8333	0.7500	0.9333
C	163	0.6667	0.2500	0.5000
C	164	0.8333	0.8750	0.9333
C	165	0.6667	0.7500	0.9333
C	166	0.6667	0.3750	0.1333
C	169	0.8333	0.8750	0.9333
C	170	0.6667	0.5000	0.9333
C	171	0.6667	0.8750	0.8667
C	172	0.5000	0.7500	0.5333
C	173	0.5000	0.5000	0.4000
C	174	0.5000	0.5000	0.2667
C	176	0.6667	0.7500	0.5333
C	177	0.8333	0.7500	0.5333
C	178	0.8333	0.8750	0.9333
C	179	0.8333	0.8750	0.9333
C	180	0.8333	0.8750	0.9333
C	182	0.8333	0.8750	0.8000
C	183	0.6667	0.5000	0.5000
C	184	0.8333	0.8750	0.9333
C	185	0.8333	0.8750	0.9333
C	186	0.6667	0.3750	0.3333
C	187	0.6667	0.7500	0.5333
C	189	0.6667	0.7500	0.4667
C	190	0.6667	0.5000	0.6667
C	191	0.5000	0.7500	0.6667
C	192	0.8333	0.8750	0.8667
C	193	0.8333	0.7500	0.6000
C	194	0.6667	0.3750	0.2000
C	196	0.5000	0.2500	0.1333
C	198	0.8333	0.8750	0.8667
C	200	0.5000	0.6250	0.6667
C	201	0.5000	0.6250	0.6667
C	202	0.6667	0.5000	0.7333
C	203	0.8333	0.8750	0.9333
C	204	0.6667	0.2500	0.5000
C	205	0.8333	0.8750	0.8667
C	206	0.6667	0.8750	0.8000
C	207	0.8333	0.8750	0.9333
C	208	0.8333	0.7500	0.8667
C	211	0.8333	0.8750	0.9333
C	212	0.8333	0.7500	0.9333
C	213	0.8333	0.8750	0.9333
C	214	0.5000	0.8750	0.8667
C	216	0.8333	0.8750	0.8667
C	217	0.8333	0.8750	0.9333
C	218	0.8333	0.3750	0.6667
C	221	0.5000	0.5000	0.1333
C3	28	0.5000	0.5000	0.3750
C3	30	0.5000	0.5000	0.3750
C3	31	0.8333	0.8571	0.9375
C3	32	0.6667	0.8571	0.9375
C3	33	0.8333	0.8571	0.9375
C3	34	0.8333	0.8571	0.9375
C3	35	0.8333	0.8571	0.9375
C3	38	0.8333	0.8571	0.9375
C3	42	0.8333	0.8571	0.9375
C3	44	0.5000	0.5000	0.1250
C3	45	0.8333	0.8571	0.9375
C3	52	0.6667	0.5714	0.6250
C3	56	0.6667	0.8571	0.9375
C3	57	0.8333	0.5714	0.8750
C3	58	0.6667	0.8571	0.8750
C3	59	0.8333	0.8571	0.9375
C3	63	0.8333	0.7143	0.6875
C3	64	0.8333	0.8571	0.8125
C3	65	0.6667	0.5714	0.7500
C3	66	0.8333	0.8571	0.9375
C3	68	0.6667	0.5714	0.3750
C3	70	0.8333	0.8571	0.9375
C3	71	0.8333	0.8571	0.8750
C3	72	0.8333	0.8571	0.8750
C3	73	0.5000	0.5000	0.1875
C3	74	0.6667	0.8571	0.9375
C3	75	0.6667	0.5000	0.1875
C3	76	0.8333	0.8571	0.9375
C3	77	0.8333	0.8571	0.9375
C3	80	0.6667	0.7143	0.7500
C3	81	0.5000	0.8571	0.8750
C3	82	0.8333	0.8571	0.9375
C3	83	0.6667	0.4286	0.1250
C3	84	0.5000	0.5714	0.2500
C3	85	0.6667	0.4286	0.1250
C3	86	0.6667	0.2857	0.2500
C3	87	0.6667	0.4286	0.1250
C3	88	0.8333	0.8571	0.9375
C3	89	0.5000	0.4286	0.2500
C3	90	0.6667	0.4286	0.1250
C3	91	0.6667	0.5000	0.3125
C3	92	0.5000	0.5714	0.5625
C3	93	0.8333	0.8571	0.9375
C3	94	0.6667	0.5714	0.3750
C3	95	0.6667	0.2857	0.5000
C3	97	0.6667	0.5714	0.7500
C3	98	0.8333	0.8571	0.7500
C3	100	0.8333	0.7143	0.8750
C3	101	0.6667	0.7143	0.8750
C3	103	0.8333	0.8571	0.9375
C3	104	0.6667	0.8571	0.7500
C3	105	0.5000	0.5714	0.5625
C3	107	0.8333	0.8571	0.8750
C3	108	0.5000	0.5714	0.5625
C3	109	0.8333	0.8571	0.7500
C3	110	0.8333	0.8571	0.8750
C3	111	0.6667	0.7143	0.6250
C3	112	0.5000	0.5714	0.3125
C3	113	0.8333	0.8571	0.8750
C3	117	0.8333	0.8571	0.8750
C3	119	0.6667	0.5000	0.3125
C3	120	0.8333	0.7143	0.7500
C3	121	0.8333	0.8571	0.9375
C3	122	0.6667	0.4286	0.7500
C3	123	0.6667	0.4286	0.5625
C3	124	0.8333	0.7143	0.5625
C3	125	0.8333	0.7143	0.7500
C3	126	0.6667	0.4286	0.4375
C3	128	0.8333	0.8571	0.8750
C3	129	0.8333	0.7143	0.7500
C3	130	0.8333	0.7143	0.7500
C3	131	0.8333	0.7143	0.8750
C3	132	0.6667	0.2857	0.5625
C3	133	0.5000	0.2857	0.5000
C3	134	0.8333	0.7143	0.8750
C3	136	0.6667	0.7143	0.6875
C3	137	0.8333	0.8571	0.9375
C3	138	0.5000	0.5000	0.5000
C3	139	0.5000	0.5000	0.1250
C3	140	0.5000	0.5000	0.3125
C3	142	0.8333	0.7143	0.8750
C3	144	0.8333	0.8571	0.9375
C3	146	0.5000	0.7143	0.7500
C3	147	0.6667	0.2857	0.3125
C3	148	0.8333	0.5000	0.3750
C3	149	0.8333	0.5714	0.6875
C3	150	0.8333	0.7143	0.5625
C3	151	0.5000	0.2857	0.2500
C3	152	0.6667	0.8571	0.9375
C3	153	0.8333	0.8571	0.9375
C3	154	0.6667	0.2857	0.4375
C3	155	0.5000	0.2857	0.2500
C3	156	0.6667	0.2857	0.3125
C3	158	0.5000	0.8571	0.7500
C3	159	0.6667	0.5714	0.5625
C3	161	0.8333	0.8571	0.8750
C3	162	0.6667	0.5714	0.5625
C3	163	0.6667	0.5000	0.4375
C3	164	0.8333	0.8571	0.9375
C3	165	0.8333	0.7143	0.8750
C3	166	0.5000	0.4286	0.6250
C3	169	0.8333	0.8571	0.9375
C3	170	0.5000	0.5000	0.1250
C3	171	0.8333	0.5714	0.9375
C3	172	0.6667	0.4286	0.3750
C3	173	0.6667	0.2857	0.2500
C3	174	0.6667	0.4286	0.2500
C3	176	0.8333	0.7143	0.5000
C3	177	0.6667	0.8571	0.5625
C3	178	0.8333	0.8571	0.9375
C3	179	0.8333	0.8571	0.9375
C3	180	0.8333	0.8571	0.9375
C3	182	0.8333	0.7143	0.8750
C3	183	0.6667	0.4286	0.2500
C3	184	0.8333	0.8571	0.9375
C3	185	0.8333	0.8571	0.9375
C3	186	0.5000	0.5000	0.5000
C3	187	0.8333	0.7143	0.5000
C3	189	0.8333	0.4286	0.5625
C3	190	0.5000	0.2857	0.2500
C3	191	0.5000	0.2857	0.3125
C3	192	0.8333	0.7143	0.9375
C3	193	0.6667	0.7143	0.6875
C3	194	0.6667	0.4286	0.1875
C3	196	0.8333	0.4286	0.4375
C3	198	0.8333	0.8571	0.8750
C3	200	0.6667	0.4286	0.6875
C3	201	0.6667	0.4286	0.6875
C3	202	0.5000	0.5714	0.7500
C3	203	0.8333	0.8571	0.9375
C3	204	0.6667	0.2857	0.5000
C3	205	0.8333	0.8571	0.8750
C3	206	0.8333	0.7143	0.8125
C3	207	0.8333	0.8571	0.9375
C3	208	0.8333	0.8571	0.8125
C3	211	0.8333	0.8571	0.9375
C3	212	0.8333	0.8571	0.8750
C3	213	0.8333	0.8571	0.9375
C3	214	0.8333	0.7143	0.8125
C3	216	0.8333	0.7143	0.9375
C3	217	0.8333	0.8571	0.9375
C3	218	0.5000	0.5000	0.3750
C3	221	0.5000	0.5000	0.3750
D	28	0.6000	0.5000	0.4118
D	30	0.8000	0.4286	0.4706
D	31	0.8000	0.8571	0.9412
D	32	0.8000	0.7143	0.9412
D	33	0.8000	0.8571	0.9412
D	34	0.8000	0.8571	0.9412
D	35	0.8000	0.8571	0.9412
D	38	0.8000	0.8571	0.9412
D	42	0.8000	0.8571	0.9412
D	44	0.8000	0.5714	0.8235
D	45	0.8000	0.8571	0.9412
D	52	0.6667	0.2857	0.3529
D	56	0.8000	0.7143	0.9412
D	57	0.6667	0.5000	0.1765
D	58	0.8000	0.7143	0.8824
D	59	0.8000	0.8571	0.9412
D	63	0.6000	0.8571	0.7059
D	64	0.8000	0.8571	0.8235
D	66	0.8000	0.8571	0.9412
D	67	0.8000	0.7143	0.9412
D	68	0.6000	0.2857	0.4118
D	70	0.8000	0.8571	0.9412
D	71	0.8000	0.7143	0.9412
D	72	0.8000	0.7143	0.9412
D	73	0.8000	0.5714	0.7647
D	74	0.8000	0.7143	0.9412
D	75	0.6667	0.5000	0.1176
D	76	0.8000	0.8571	0.9412
D	77	0.8000	0.8571	0.9412
D	80	0.6000	0.7143	0.7647
D	81	0.8000	0.7143	0.8235
D	82	0.8000	0.8571	0.9412
D	83	0.6000	0.2857	0.2941
D	84	0.6667	0.2857	0.4706
D	85	0.8000	0.7143	0.7059
D	86	0.6667	0.5000	0.2353
D	87	0.6667	0.5000	0.1176
D	88	0.8000	0.8571	0.9412
D	89	0.6000	0.2857	0.4118
D	90	0.6667	0.5000	0.1765
D	91	0.6667	0.4286	0.1176
D	92	0.6667	0.5000	0.1176
D	93	0.8000	0.8571	0.9412
D	94	0.6000	0.4286	0.4706
D	95	0.6667	0.2857	0.4706
D	97	0.6000	0.7143	0.7059
D	98	0.8000	0.8571	0.7647
D	100	0.8000	0.8571	0.8235
D	101	0.6000	0.7143	0.8824
D	103	0.8000	0.8571	0.9412
D	104	0.8000	0.7143	0.7647
D	105	0.8000	0.7143	0.4118
D	107	0.8000	0.8571	0.8824
D	108	0.6667	0.5000	0.1765
D	109	0.8000	0.7143	0.8235
D	110	0.8000	0.8571	0.8824
D	111	0.6000	0.7143	0.6471
D	112	0.6000	0.5714	0.4118
D	113	0.8000	0.8571	0.8824
D	117	0.8000	0.8571	0.8824
D	118	0.6000	0.4286	0.5882
D	119	0.6667	0.5000	0.1176
D	120	0.6667	0.5000	0.1765
D	121	0.8000	0.8571	0.9412
D	122	0.6000	0.7143	0.6471
D	123	0.6667	0.2857	0.1765
D	124	0.6000	0.5714	0.7059
D	125	0.6667	0.5000	0.1765
D	126	0.6000	0.5714	0.4118
D	128	0.8000	0.8571	0.8824
D	129	0.6667	0.5000	0.1765
D	130	0.6667	0.5000	0.2353
D	131	0.6000	0.8571	0.8824
D	132	0.6667	0.4286	0.5882
D	133	0.6000	0.2857	0.4118
D	134	0.6000	0.8571	0.8824
D	136	0.6000	0.5714	0.7647
D	137	0.8000	0.8571	0.9412
D	138	0.8000	0.7143	0.8235
D	139	0.6000	0.5714	0.6471
D	142	0.8000	0.7143	0.8824
D	143	0.6667	0.4286	0.4118
D	144	0.8000	0.8571	0.9412
D	146	0.6667	0.2857	0.5000
D	147	0.6667	0.5000	0.2941
D	148	0.6667	0.5000	0.1176
D	149	0.6667	0.2857	0.5000
D	150	0.8000	0.8571	0.5294
D	151	0.6667	0.2857	0.2941
D	152	0.8000	0.7143	0.9412
D	153	0.8000	0.8571	0.9412
D	154	0.6667	0.2857	0.2353
D	155	0.6667	0.5000	0.2941
D	156	0.6000	0.2857	0.2353
D	158	0.8000	0.7143	0.7059
D	159	0.6000	0.7143	0.5294
D	160	0.8000	0.5714	0.7647
D	161	0.8000	0.8571	0.8824
D	162	0.8000	0.5714	0.4118
D	163	0.8000	0.2857	0.5294
D	164	0.8000	0.8571	0.9412
D	165	0.6000	0.8571	0.8824
D	166	0.6667	0.7143	0.5294
D	169	0.8000	0.8571	0.9412
D	170	0.8000	0.5714	0.8235
D	171	0.6000	0.8571	0.8824
D	172	0.6000	0.5714	0.2353
D	173	0.6667	0.2857	0.2353
D	174	0.6667	0.5000	0.3529
D	176	0.6000	0.5714	0.6471
D	177	0.8000	0.7143	0.5882
D	178	0.8000	0.8571	0.9412
D	179	0.8000	0.8571	0.9412
D	180	0.8000	0.8571	0.9412
D	182	0.8000	0.8571	0.8235
D	183	0.6667	0.5714	0.2941
D	184	0.8000	0.8571	0.9412
D	185	0.8000	0.8571	0.9412
D	187	0.6000	0.5714	0.6471
D	189	0.6000	0.4286	0.3529
D	190	0.6667	0.4286	0.6471
D	191	0.6000	0.5714	0.7059
D	192	0.8000	0.8571	0.8824
D	193	0.6667	0.2857	0.5000
D	194	0.6667	0.2857	0.5000
D	196	0.6667	0.2857	0.1765
D	198	0.8000	0.7143	0.9412
D	200	0.8000	0.5000	0.3529
D	201	0.6667	0.5000	0.1765
D	203	0.8000	0.8571	0.9412
D	204	0.6667	0.4286	0.4706
D	205	0.8000	0.8571	0.8824
D	206	0.6000	0.8571	0.8235
D	207	0.8000	0.8571	0.9412
D	208	0.8000	0.8571	0.8235
D	211	0.8000	0.8571	0.9412
D	212	0.8000	0.8571	0.8824
D	213	0.8000	0.8571	0.9412
D	214	0.6000	0.8571	0.8235
D	216	0.8000	0.8571	0.8824
D	217	0.8000	0.8571	0.9412
D	218	0.8000	0.4286	0.6471
D	221	0.8000	0.4286	0.5294
D3	28	0.8000	0.2500	0.2500
D3	30	0.8000	0.2500	0.2500
D3	31	0.8000	0.8750	0.9375
D3	33	0.8000	0.8750	0.9375
D3	34	0.8000	0.8750	0.9375
D3	35	0.8000	0.8750	0.9375
D3	38	0.8000	0.8750	0.9375
D3	42	0.8000	0.8750	0.9375
D3	44	0.6000	0.8750	0.7500
D3	45	0.8000	0.8750	0.9375
D3	52	0.6667	0.3750	0.3125
D3	57	0.8000	0.7500	0.8125
D3	59	0.8000	0.8750	0.9375
D3	63	0.6000	0.5000	0.8750
D3	64	0.8000	0.8750	0.8125
D3	65	0.8000	0.7500	0.6250
D3	66	0.8000	0.8750	0.9375
D3	67	0.6000	0.8750	0.9375
D3	68	0.6667	0.5000	0.1250
D3	70	0.8000	0.8750	0.9375
D3	71	0.8000	0.8750	0.8750
D3	72	0.8000	0.8750	0.8750
D3	73	0.6000	0.8750	0.6875
D3	74	0.8000	0.8750	0.8750
D3	75	0.6667	0.2500	0.5000
D3	76	0.8000	0.8750	0.9375
D3	77	0.8000	0.8750	0.9375
D3	80	0.6000	0.7500	0.7500
D3	81	0.8000	0.8750	0.7500
D3	82	0.8000	0.8750	0.9375
D3	83	0.6667	0.5000	0.1250
D3	84	0.6000	0.3750	0.3125
D3	85	0.6000	0.7500	0.7500
D3	86	0.6000	0.3750	0.4375
D3	87	0.6000	0.6250	0.6250
D3	88	0.8000	0.8750	0.9375
D3	89	0.6000	0.2500	0.3125
D3	90	0.6667	0.2500	0.3750
D3	91	0.6667	0.2500	0.1875
D3	92	0.6667	0.2500	0.1875
D3	93	0.8000	0.8750	0.9375
D3	94	0.6000	0.5000	0.4375
D3	95	0.6667	0.5000	0.1250
D3	97	0.6667	0.5000	0.1250
D3	98	0.8000	0.7500	0.8125
D3	100	0.8000	0.7500	0.8750
D3	103	0.8000	0.8750	0.9375
D3	104	0.6667	0.5000	0.1875
D3	105	0.6667	0.3750	0.1875
D3	107	0.8000	0.8750	0.8750
D3	108	0.6667	0.2500	0.1250
D3	109	0.8000	0.8750	0.7500
D3	110	0.8000	0.8750	0.8750
D3	111	0.8000	0.7500	0.5625
D3	112	0.6667	0.5000	0.5000
D3	113	0.8000	0.8750	0.8750
D3	117	0.8000	0.8750	0.8750
D3	118	0.6000	0.6250	0.5000
D3	119	0.6667	0.3750	0.3125
D3	120	0.8000	0.7500	0.7500
D3	121	0.8000	0.8750	0.9375
D3	122	0.6667	0.2500	0.1250
D3	123	0.6667	0.3750	0.1250
D3	124	0.8000	0.7500	0.5625
D3	125	0.8000	0.7500	0.7500
D3	126	0.6667	0.3750	0.3750
D3	128	0.8000	0.8750	0.8750
D3	129	0.8000	0.7500	0.7500
D3	130	0.8000	0.7500	0.7500
D3	131	0.6000	0.7500	0.9375
D3	132	0.6000	0.5000	0.5000
D3	133	0.6667	0.5000	0.3125
D3	134	0.6000	0.7500	0.9375
D3	136	0.8000	0.6250	0.6875
D3	137	0.8000	0.8750	0.9375
D3	138	0.6000	0.8750	0.8125
D3	139	0.6667	0.5000	0.1250
D3	140	0.6000	0.3750	0.1250
D3	142	0.8000	0.8750	0.8125
D3	143	0.6667	0.6250	0.3125
D3	144	0.8000	0.8750	0.9375
D3	146	0.6667	0.5000	0.1250
D3	147	0.6000	0.2500	0.3750
D3	148	0.6000	0.2500	0.4375
D3	149	0.6000	0.6250	0.7500
D3	150	0.8000	0.6250	0.6250
D3	151	0.6667	0.2500	0.5000
D3	152	0.8000	0.8750	0.8750
D3	153	0.8000	0.8750	0.9375
D3	154	0.6667	0.2500	0.1875
D3	155	0.6000	0.2500	0.3125
D3	156	0.6667	0.5000	0.3750
D3	158	0.6667	0.5000	0.1875
D3	159	0.6667	0.5000	0.1250
D3	160	0.6000	0.8750	0.6875
D3	161	0.8000	0.8750	0.8750
D3	162	0.6667	0.2500	0.2500
D3	163	0.6667	0.5000	0.1250
D3	164	0.8000	0.8750	0.9375
D3	165	0.8000	0.7500	0.8750
D3	166	0.6000	0.5000	0.5625
D3	169	0.8000	0.8750	0.9375
D3	170	0.6000	0.5000	0.1250
D3	171	0.8000	0.7500	0.8750
D3	172	0.6000	0.5000	0.6250
D3	176	0.8000	0.7500	0.5000
D3	177	0.6000	0.7500	0.6250
D3	178	0.8000	0.8750	0.9375
D3	179	0.8000	0.8750	0.9375
D3	180	0.8000	0.8750	0.9375
D3	182	0.8000	0.8750	0.8125
D3	183	0.8000	0.2500	0.3125
D3	184	0.8000	0.8750	0.9375
D3	185	0.8000	0.8750	0.9375
D3	186	0.6000	0.5000	0.1250
D3	187	0.8000	0.7500	0.5000
D3	189	0.8000	0.6250	0.5000
D3	190	0.6000	0.3750	0.6250
D3	191	0.6000	0.5000	0.7500
D3	192	0.8000	0.8750	0.8750
D3	193	0.8000	0.7500	0.6250
D3	194	0.6667	0.2500	0.4375
D3	196	0.8000	0.3750	0.5000
D3	198	0.8000	0.8750	0.8750
D3	200	0.8000	0.5000	0.6250
D3	201	0.6667	0.2500	0.1875
D3	203	0.8000	0.8750	0.9375
D3	204	0.6667	0.5000	0.1875
D3	205	0.8000	0.8750	0.8750
D3	206	0.8000	0.6250	0.8750
D3	207	0.8000	0.8750	0.9375
D3	208	0.8000	0.8750	0.8125
D3	211	0.8000	0.8750	0.9375
D3	212	0.8000	0.8750	0.8750
D3	213	0.8000	0.8750	0.9375
D3	214	0.8000	0.6250	0.8750
D3	216	0.8000	0.8750	0.8750
D3	217	0.8000	0.8750	0.9375
D3	218	0.6000	0.2500	0.3125
D3	221	0.8000	0.2500	0.2500
E	28	0.5000	0.3750	0.3333
E	30	0.8333	0.3750	0.4667
E	31	0.8333	0.8750	0.9333
E	32	0.8333	0.7500	0.9333
E	33	0.8333	0.8750	0.9333
E	34	0.8333	0.8750	0.9333
E	35	0.8333	0.8750	0.9333
E	38	0.8333	0.8750	0.9333
E	42	0.8333	0.8750	0.9333
E	44	0.8333	0.5000	0.8667
E	45	0.8333	0.8750	0.9333
E	52	0.6667	0.6250	0.6000
E	56	0.8333	0.7500	0.9333
E	57	0.6667	0.8750	0.8000
E	58	0.8333	0.6250	0.9333
E	59	0.8333	0.8750	0.9333
E	63	0.6667	0.7500	0.7333
E	64	0.8333	0.8750	0.8000
E	65	0.6667	0.7500	0.6667
E	66	0.8333	0.8750	0.9333
E	67	0.8333	0.7500	0.9333
E	68	0.5000	0.2500	0.6000
E	70	0.8333	0.8750	0.9333
E	71	0.8333	0.8750	0.8667
E	72	0.8333	0.8750	0.8667
E	73	0.8333	0.6250	0.7333
E	74	0.8333	0.7500	0.9333
E	75	0.5000	0.2500	0.2667
E	76	0.8333	0.8750	0.9333
E	77	0.8333	0.8750	0.9333
E	80	0.6667	0.7500	0.7333
E	81	0.8333	0.7500	0.8000
E	82	0.8333	0.8750	0.9333
E	83	0.6667	0.5000	0.1333
E	84	0.5000	0.5000	0.2667
E	85	0.6667	0.5000	0.8667
E	86	0.5000	0.5000	0.4000
E	87	0.5000	0.5000	0.7333
E	88	0.8333	0.8750	0.9333
E	90	0.6667	0.2500	0.4000
E	92	0.6667	0.3750	0.1333
E	93	0.8333	0.8750	0.9333
E	97	0.6667	0.5000	0.1333
E	98	0.8333	0.8750	0.7333
E	100	0.6667	0.7500	0.9333
E	101	0.6667	0.2500	0.5000
E	103	0.8333	0.8750	0.9333
E	104	0.8333	0.7500	0.7333
E	105	0.6667	0.5000	0.5333
E	107	0.8333	0.7500	0.9333
E	109	0.8333	0.7500	0.8000
E	110	0.8333	0.8750	0.8667
E	111	0.6667	0.5000	0.2000
E	112	0.5000	0.2500	0.6000
E	113	0.8333	0.7500	0.9333
E	117	0.8333	0.7500	0.9333
E	118	0.6667	0.2500	0.2667
E	120	0.6667	0.7500	0.8000
E	121	0.8333	0.8750	0.9333
E	122	0.5000	0.6250	0.7333
E	123	0.5000	0.5000	0.6000
E	124	0.6667	0.5000	0.2667
E	125	0.6667	0.7500	0.8000
E	126	0.5000	0.5000	0.4667
E	128	0.8333	0.8750	0.8667
E	129	0.6667	0.7500	0.8000
E	130	0.6667	0.7500	0.8000
E	131	0.6667	0.7500	0.9333
E	132	0.6667	0.5000	0.1333
E	134	0.6667	0.7500	0.9333
E	137	0.8333	0.8750	0.9333
E	138	0.8333	0.7500	0.8000
E	139	0.6667	0.5000	0.1333
E	140	0.5000	0.2500	0.1333
E	142	0.8333	0.8750	0.8000
E	143	0.5000	0.2500	0.2667
E	144	0.8333	0.8750	0.9333
E	146	0.6667	0.6250	0.7333
E	147	0.6667	0.5000	0.3333
E	148	0.6667	0.3750	0.3333
E	149	0.5000	0.6250	0.8000
E	150	0.6667	0.6250	0.6667
E	151	0.6667	0.2500	0.5000
E	152	0.8333	0.7500	0.9333
E	153	0.8333	0.8750	0.9333
E	154	0.5000	0.2500	0.5000
E	156	0.5000	0.5000	0.3333
E	158	0.8333	0.7500	0.6667
E	160	0.8333	0.6250	0.7333
E	161	0.8333	0.8750	0.8667
E	162	0.6667	0.5000	0.4667
E	163	0.6667	0.3750	0.5333
E	164	0.8333	0.8750	0.9333
E	165	0.6667	0.5000	0.1333
E	166	0.6667	0.5000	0.1333
E	169	0.8333	0.8750	0.9333
E	170	0.8333	0.6250	0.8000
E	172	0.5000	0.3750	0.3333
E	173	0.6667	0.5000	0.2667
E	174	0.6667	0.5000	0.2000
E	176	0.6667	0.7500	0.5333
E	177	0.8333	0.3750	0.7333
E	178	0.8333	0.8750	0.9333
E	179	0.8333	0.8750	0.9333
E	180	0.8333	0.8750	0.9333
E	182	0.8333	0.8750	0.8000
E	183	0.5000	0.5000	0.1333
E	184	0.8333	0.8750	0.9333
E	185	0.8333	0.8750	0.9333
E	186	0.5000	0.2500	0.4667
E	187	0.6667	0.7500	0.5333
E	189	0.5000	0.7500	0.5333
E	190	0.6667	0.3750	0.2667
E	191	0.6667	0.3750	0.3333
E	192	0.8333	0.8750	0.8667
E	193	0.6667	0.7500	0.6667
E	194	0.5000	0.5000	0.2000
E	196	0.6667	0.7500	0.4667
E	198	0.8333	0.8750	0.8667
E	200	0.6667	0.5000	0.4000
E	201	0.6667	0.2500	0.2000
E	202	0.6667	0.5000	0.1333
E	203	0.8333	0.8750	0.9333
E	205	0.8333	0.8750	0.8667
E	206	0.6667	0.5000	0.2000
E	207	0.8333	0.8750	0.9333
E	208	0.8333	0.8750	0.8000
E	211	0.8333	0.8750	0.9333
E	212	0.8333	0.8750	0.8667
E	213	0.8333	0.8750	0.9333
E	214	0.6667	0.5000	0.2000
E	216	0.8333	0.8750	0.8667
E	217	0.8333	0.8750	0.9333
E	218	0.8333	0.6250	0.5333
E	221	0.6667	0.5000	0.5333
E3	28	0.6667	0.6667	0.2609
E3	30	0.6667	0.6667	0.2609
E3	31	0.6667	0.6667	0.9565
E3	32	0.6667	0.5000	0.9565
E3	33	0.6667	0.6667	0.9565
E3	34	0.6667	0.6667	0.9565
E3	35	0.6667	0.6667	0.9565
E3	38	0.6667	0.6667	0.9565
E3	42	0.6667	0.6667	0.9565
E3	44	0.6667	0.6667	0.7826
E3	45	0.6667	0.6667	0.9565
E3	52	0.6667	0.6667	0.2609
E3	56	0.6667	0.5000	0.9565
E3	57	0.6667	0.6667	0.8261
E3	58	0.6667	0.5000	0.9130
E3	59	0.6667	0.6667	0.9565
E3	63	0.6667	0.5000	0.2174
E3	64	0.6667	0.6667	0.8696
E3	65	0.6667	0.6667	0.6957
E3	66	0.6667	0.6667	0.9565
E3	67	0.6667	0.6667	0.9130
E3	68	0.6667	0.5000	0.3913
E3	70	0.6667	0.6667	0.9565
E3	71	0.6667	0.6667	0.9130
E3	72	0.6667	0.6667	0.9130
E3	73	0.6667	0.6667	0.7391
E3	74	0.6667	0.6667	0.9130
E3	75	0.6667	0.5000	0.2609
E3	76	0.6667	0.6667	0.9565
E3	77	0.6667	0.6667	0.9565
E3	80	0.6667	0.6667	0.7391
E3	81	0.6667	0.6667	0.8261
E3	82	0.6667	0.6667	0.9565
E3	83	0.6667	0.5000	0.1304
E3	84	0.6667	0.5000	0.3913
E3	85	0.6667	0.6667	0.7391
E3	87	0.6667	0.6667	0.6087
E3	88	0.6667	0.6667	0.9565
E3	89	0.6667	0.5000	0.3913
E3	90	0.6667	0.5000	0.2174
E3	91	0.6667	0.5000	0.3043
E3	92	0.6667	0.5000	0.5652
E3	93	0.6667	0.6667	0.9565
E3	94	0.6667	0.6667	0.4348
E3	95	0.6667	0.5000	0.0870
E3	97	0.6667	0.5000	0.0870
E3	98	0.6667	0.6667	0.8261
E3	100	0.6667	0.6667	0.8696
E3	101	0.6667	0.5000	0.8696
E3	103	0.6667	0.6667	0.9565
E3	105	0.6667	0.5000	0.0870
E3	107	0.6667	0.6667	0.9130
E3	108	0.6667	0.5000	0.5652
E3	109	0.6667	0.6667	0.8261
E3	110	0.6667	0.6667	0.9130
E3	111	0.6667	0.6667	0.6522
E3	112	0.6667	0.6667	0.4348
E3	113	0.6667	0.6667	0.9130
E3	117	0.6667	0.6667	0.9130
E3	118	0.6667	0.6667	0.5217
E3	119	0.6667	0.6667	0.2609
E3	120	0.6667	0.6667	0.7826
E3	121	0.6667	0.6667	0.9565
E3	123	0.6667	0.6667	0.1304
E3	124	0.6667	0.6667	0.6522
E3	125	0.6667	0.6667	0.7826
E3	126	0.6667	0.6667	0.3043
E3	128	0.6667	0.6667	0.9130
E3	129	0.6667	0.6667	0.7826
E3	130	0.6667	0.6667	0.7826
E3	131	0.6667	0.6667	0.8696
E3	132	0.6667	0.6667	0.4783
E3	133	0.6667	0.5000	0.1739
E3	134	0.6667	0.6667	0.8696
E3	137	0.6667	0.6667	0.9565
E3	138	0.6667	0.6667	0.8261
E3	139	0.6667	0.5000	0.6522
E3	142	0.6667	0.6667	0.8696
E3	143	0.6667	0.6667	0.3478
E3	144	0.6667	0.6667	0.9565
E3	146	0.6667	0.5000	0.7391
E3	147	0.6667	0.5000	0.2174
E3	148	0.6667	0.6667	0.3478
E3	149	0.6667	0.6667	0.6957
E3	150	0.6667	0.5000	0.0870
E3	151	0.6667	0.5000	0.2609
E3	152	0.6667	0.6667	0.9130
E3	153	0.6667	0.6667	0.9565
E3	154	0.6667	0.6667	0.1304
E3	155	0.6667	0.5000	0.2609
E3	156	0.6667	0.5000	0.2609
E3	158	0.6667	0.5000	0.7826
E3	159	0.6667	0.5000	0.2609
E3	160	0.6667	0.6667	0.7391
E3	161	0.6667	0.6667	0.9130
E3	162	0.6667	0.5000	0.5217
E3	163	0.6667	0.5000	0.5217
E3	164	0.6667	0.6667	0.9565
E3	165	0.6667	0.6667	0.8696
E3	166	0.6667	0.6667	0.5217
E3	169	0.6667	0.6667	0.9565
E3	170	0.6667	0.5000	0.8261
E3	171	0.6667	0.6667	0.8696
E3	172	0.6667	0.6667	0.5652
E3	173	0.6667	0.5000	0.2174
E3	174	0.6667	0.5000	0.1304
E3	176	0.6667	0.6667	0.6087
E3	177	0.6667	0.5000	0.3043
E3	178	0.6667	0.6667	0.9565
E3	179	0.6667	0.6667	0.9565
E3	180	0.6667	0.6667	0.9565
E3	182	0.6667	0.6667	0.8696
E3	183	0.6667	0.5000	0.1304
E3	184	0.6667	0.6667	0.9565
E3	185	0.6667	0.6667	0.9565
E3	186	0.6667	0.5000	0.3913
E3	187	0.6667	0.6667	0.6087
E3	189	0.6667	0.6667	0.5652
E3	190	0.6667	0.5000	0.2609
E3	191	0.6667	0.5000	0.3043
E3	192	0.6667	0.6667	0.9130
E3	193	0.6667	0.6667	0.6957
E3	194	0.6667	0.5000	0.1304
E3	196	0.6667	0.6667	0.4783
E3	198	0.6667	0.6667	0.9130
E3	200	0.6667	0.6667	0.6087
E3	201	0.6667	0.5000	0.6522
E3	202	0.6667	0.5000	0.6957
E3	203	0.6667	0.6667	0.9565
E3	204	0.6667	0.5000	0.3043
E3	205	0.6667	0.6667	0.9130
E3	206	0.6667	0.5000	0.1304
E3	207	0.6667	0.6667	0.9565
E3	208	0.6667	0.6667	0.8696
E3	211	0.6667	0.6667	0.9565
E3	212	0.6667	0.6667	0.9130
E3	213	0.6667	0.6667	0.9565
E3	214	0.6667	0.6667	0.8261
E3	216	0.6667	0.6667	0.9130
E3	217	0.6667	0.6667	0.9565
E3	218	0.6667	0.6667	0.2609
E3	221	0.6667	0.6667	0.2609
F	28	0.5000	0.5000	0.4118
F	30	0.8333	0.5000	0.5294
F	31	0.8333	0.8333	0.9412
F	32	0.8333	0.6667	0.9412
F	33	0.8333	0.8333	0.9412
F	34	0.8333	0.8333	0.9412
F	35	0.8333	0.8333	0.9412
F	38	0.8333	0.8333	0.9412
F	42	0.8333	0.8333	0.9412
F	44	0.8333	0.5000	0.8235
F	45	0.8333	0.8333	0.9412
F	52	0.6667	0.5000	0.6471
F	56	0.8333	0.6667	0.9412
F	57	0.6667	0.8333	0.8235
F	58	0.8333	0.5000	0.9412
F	59	0.8333	0.8333	0.9412
F	63	0.6667	0.5000	0.2941
F	64	0.8333	0.8333	0.8235
F	65	0.6667	0.8333	0.6471
F	66	0.8333	0.8333	0.9412
F	67	0.8333	0.6667	0.9412
F	68	0.5000	0.3333	0.4118
F	70	0.8333	0.8333	0.9412
F	71	0.8333	0.8333	0.8824
F	72	0.8333	0.8333	0.8824
F	73	0.8333	0.6667	0.7059
F	74	0.8333	0.8333	0.8824
F	75	0.5000	0.5000	0.2941
F	76	0.8333	0.8333	0.9412
F	77	0.8333	0.8333	0.9412
F	80	0.6667	0.3333	0.1765
F	81	0.8333	0.8333	0.7647
F	82	0.8333	0.8333	0.9412
F	83	0.5000	0.5000	0.3529
F	84	0.6667	0.5000	0.2353
F	85	0.6667	0.5000	0.8235
F	86	0.5000	0.5000	0.4118
F	87	0.5000	0.5000	0.7059
F	88	0.8333	0.8333	0.9412
F	89	0.5000	0.3333	0.4118
F	90	0.6667	0.5000	0.2941
F	91	0.6667	0.3333	0.1765
F	92	0.5000	0.5000	0.5882
F	93	0.8333	0.8333	0.9412
F	94	0.5000	0.5000	0.4706
F	95	0.6667	0.3333	0.4118
F	97	0.6667	0.6667	0.7059
F	98	0.8333	0.8333	0.7647
F	100	0.6667	0.8333	0.8824
F	101	0.6667	0.6667	0.8824
F	103	0.8333	0.8333	0.9412
F	104	0.8333	0.6667	0.7647
F	105	0.6667	0.5000	0.5294
F	107	0.8333	0.6667	0.9412
F	108	0.5000	0.5000	0.5882
F	109	0.8333	0.6667	0.8235
F	110	0.8333	0.8333	0.8824
F	111	0.6667	0.8333	0.5882
F	112	0.5000	0.3333	0.4118
F	113	0.8333	0.6667	0.9412
F	117	0.8333	0.8333	0.8824
F	118	0.6667	0.5000	0.5294
F	119	0.6667	0.5000	0.1765
F	120	0.6667	0.6667	0.8235
F	121	0.8333	0.8333	0.9412
F	122	0.6667	0.5000	0.1176
F	123	0.5000	0.3333	0.6471
F	124	0.6667	0.6667	0.6471
F	125	0.6667	0.8333	0.7647
F	126	0.6667	0.3333	0.5000
F	128	0.8333	0.8333	0.8824
F	129	0.6667	0.8333	0.7647
F	130	0.6667	0.8333	0.7647
F	131	0.6667	0.5000	0.1176
F	132	0.5000	0.5000	0.1765
F	133	0.5000	0.3333	0.4118
F	134	0.6667	0.5000	0.1176
F	136	0.6667	0.6667	0.7059
F	137	0.8333	0.8333	0.9412
F	138	0.8333	0.6667	0.8235
F	139	0.6667	0.5000	0.6471
F	140	0.6667	0.3333	0.2353
F	142	0.8333	0.8333	0.8235
F	143	0.5000	0.3333	0.2353
F	144	0.8333	0.8333	0.9412
F	146	0.6667	0.6667	0.7059
F	147	0.6667	0.5000	0.1765
F	148	0.6667	0.5000	0.1765
F	149	0.6667	0.3333	0.1765
F	150	0.6667	0.6667	0.6471
F	151	0.6667	0.5000	0.2941
F	152	0.8333	0.8333	0.8824
F	153	0.8333	0.8333	0.9412
F	154	0.5000	0.5000	0.1176
F	155	0.6667	0.3333	0.3529
F	156	0.6667	0.5000	0.2353
F	158	0.8333	0.6667	0.7059
F	159	0.6667	0.6667	0.5294
F	160	0.8333	0.3333	0.8235
F	161	0.8333	0.8333	0.8824
F	162	0.6667	0.6667	0.4118
F	163	0.6667	0.5000	0.5882
F	164	0.8333	0.8333	0.9412
F	165	0.6667	0.8333	0.8824
F	166	0.6667	0.5000	0.1176
F	169	0.8333	0.8333	0.9412
F	170	0.8333	0.5000	0.8235
F	171	0.6667	0.8333	0.8824
F	172	0.5000	0.3333	0.7059
F	173	0.5000	0.3333	0.4706
F	174	0.5000	0.5000	0.2941
F	176	0.6667	0.5000	0.1765
F	177	0.8333	0.6667	0.5882
F	178	0.8333	0.8333	0.9412
F	179	0.8333	0.8333	0.9412
F	180	0.8333	0.8333	0.9412
F	182	0.8333	0.8333	0.8235
F	183	0.6667	0.5000	0.3529
F	184	0.8333	0.8333	0.9412
F	185	0.8333	0.8333	0.9412
F	186	0.6667	0.5000	0.3529
F	187	0.6667	0.3333	0.2353
F	189	0.5000	0.5000	0.3529
F	190	0.6667	0.5000	0.1765
F	191	0.6667	0.6667	0.6471
F	192	0.8333	0.8333	0.8824
F	193	0.6667	0.6667	0.7059
F	194	0.6667	0.3333	0.4118
F	196	0.6667	0.5000	0.1765
F	198	0.8333	0.6667	0.9412
F	200	0.6667	0.5000	0.3529
F	202	0.5000	0.6667	0.7059
F	203	0.8333	0.8333	0.9412
F	204	0.6667	0.5000	0.4118
F	205	0.8333	0.8333	0.8824
F	206	0.6667	0.8333	0.8235
F	207	0.8333	0.8333	0.9412
F	208	0.8333	0.8333	0.8235
F	211	0.8333	0.8333	0.9412
F	212	0.8333	0.8333	0.8824
F	213	0.8333	0.8333	0.9412
F	214	0.6667	0.8333	0.8235
F	216	0.8333	0.8333	0.8824
F	217	0.8333	0.8333	0.9412
F	218	0.8333	0.3333	0.6471
F	221	0.6667	0.3333	0.5882
F3	28	0.8000	0.5000	0.2941
F3	30	0.8000	0.5000	0.2941
F3	31	0.8000	0.8571	0.9412
F3	32	0.8000	0.8571	0.8824
F3	33	0.8000	0.8571	0.9412
F3	34	0.8000	0.8571	0.9412
F3	35	0.8000	0.8571	0.9412
F3	38	0.8000	0.8571	0.9412
F3	42	0.8000	0.8571	0.9412
F3	44	0.8000	0.7143	0.7647
F3	45	0.8000	0.8571	0.9412
F3	52	0.6667	0.2857	0.3529
F3	56	0.8000	0.8571	0.8824
F3	57	0.8000	0.7143	0.8235
F3	58	0.8000	0.8571	0.8235
F3	59	0.8000	0.8571	0.9412
F3	63	0.6000	0.7143	0.7647
F3	64	0.8000	0.7143	0.8824
F3	65	0.8000	0.5714	0.7059
F3	66	0.8000	0.8571	0.9412
F3	67	0.8000	0.8571	0.8824
F3	68	0.6000	0.4286	0.4706
F3	70	0.8000	0.8571	0.9412
F3	71	0.8000	0.8571	0.8824
F3	72	0.8000	0.8571	0.8824
F3	73	0.6667	0.5000	0.2353
F3	74	0.8000	0.8571	0.8824
F3	75	0.6667	0.5000	0.1765
F3	76	0.8000	0.8571	0.9412
F3	77	0.8000	0.8571	0.9412
F3	80	0.6000	0.8571	0.7059
F3	81	0.6000	0.8571	0.8235
F3	82	0.8000	0.8571	0.9412
F3	83	0.6000	0.5000	0.3529
F3	84	0.6667	0.4286	0.4118
F3	85	0.8000	0.4286	0.8235
F3	86	0.6667	0.5000	0.2353
F3	87	0.6667	0.5000	0.1176
F3	88	0.8000	0.8571	0.9412
F3	89	0.6000	0.2857	0.4118
F3	90	0.6667	0.5000	0.1765
F3	91	0.6667	0.5000	0.2353
F3	92	0.6667	0.5000	0.1176
F3	93	0.8000	0.8571	0.9412
F3	94	0.6667	0.4286	0.5294
F3	95	0.6667	0.5714	0.3529
F3	97	0.8000	0.5714	0.7059
F3	98	0.6000	0.7143	0.8824
F3	100	0.8000	0.5714	0.9412
F3	101	0.8000	0.7143	0.8235
F3	103	0.8000	0.8571	0.9412
F3	104	0.8000	0.7143	0.7647
F3	105	0.8000	0.5000	0.6471
F3	107	0.8000	0.8571	0.8824
F3	108	0.6667	0.5000	0.1765
F3	109	0.8000	0.8571	0.7647
F3	110	0.8000	0.8571	0.8824
F3	111	0.6000	0.7143	0.6471
F3	112	0.6667	0.2857	0.5000
F3	113	0.8000	0.8571	0.8824
F3	117	0.8000	0.7143	0.9412
F3	118	0.6000	0.5714	0.5294
F3	119	0.6667	0.5000	0.1176
F3	120	0.6667	0.2857	0.1176
F3	121	0.8000	0.8571	0.9412
F3	122	0.6000	0.5714	0.7059
F3	123	0.6667	0.2857	0.1765
F3	124	0.6000	0.7143	0.6471
F3	125	0.6667	0.2857	0.1176
F3	126	0.6000	0.2857	0.5294
F3	128	0.8000	0.7143	0.9412
F3	129	0.6667	0.2857	0.1176
F3	130	0.6667	0.4286	0.1176
F3	131	0.6000	0.8571	0.8824
F3	132	0.6000	0.5714	0.4706
F3	133	0.6000	0.2857	0.4118
F3	134	0.6000	0.8571	0.8824
F3	136	0.8000	0.8571	0.5882
F3	137	0.8000	0.8571	0.9412
F3	138	0.6000	0.8571	0.8235
F3	139	0.6000	0.7143	0.5882
F3	140	0.6000	0.2857	0.2353
F3	142	0.8000	0.7143	0.8824
F3	143	0.6667	0.2857	0.5000
F3	144	0.8000	0.8571	0.9412
F3	146	0.8000	0.5714	0.7059
F3	147	0.6667	0.4286	0.1176
F3	148	0.6667	0.4286	0.2941
F3	149	0.6000	0.7143	0.7059
F3	150	0.6667	0.4286	0.1176
F3	151	0.6667	0.5714	0.1765
F3	152	0.8000	0.8571	0.8824
F3	153	0.8000	0.8571	0.9412
F3	154	0.6667	0.4286	0.3529
F3	155	0.6667	0.4286	0.1765
F3	156	0.6667	0.2857	0.2941
F3	158	0.8000	0.7143	0.7059
F3	159	0.6667	0.5714	0.1765
F3	160	0.6000	0.8571	0.7059
F3	162	0.6000	0.5000	0.2353
F3	163	0.6667	0.2857	0.5000
F3	164	0.8000	0.8571	0.9412
F3	165	0.6667	0.5000	0.1176
F3	166	0.6000	0.2857	0.1176
F3	169	0.8000	0.8571	0.9412
F3	170	0.8000	0.7143	0.7647
F3	171	0.8000	0.7143	0.8824
F3	172	0.8000	0.5714	0.5294
F3	173	0.6000	0.4286	0.4118
F3	174	0.6000	0.4286	0.1765
F3	176	0.6667	0.5000	0.1765
F3	177	0.6000	0.7143	0.6471
F3	178	0.8000	0.8571	0.9412
F3	179	0.8000	0.8571	0.9412
F3	180	0.8000	0.8571	0.9412
F3	182	0.8000	0.5714	0.9412
F3	183	0.6667	0.2857	0.4118
F3	184	0.8000	0.8571	0.9412
F3	185	0.8000	0.8571	0.9412
F3	186	0.6667	0.2857	0.4118
F3	187	0.6667	0.5000	0.2941
F3	189	0.6667	0.4286	0.4118
F3	190	0.6667	0.5000	0.1765
F3	191	0.8000	0.5714	0.6471
F3	192	0.8000	0.7143	0.9412
F3	193	0.6000	0.5714	0.7647
F3	194	0.6667	0.4286	0.3529
F3	196	0.6667	0.5000	0.1765
F3	198	0.8000	0.8571	0.8824
F3	200	0.6000	0.7143	0.5882
F3	201	0.6000	0.7143	0.5882
F3	202	0.6000	0.7143	0.6471
F3	203	0.8000	0.8571	0.9412
F3	204	0.6000	0.2857	0.2941
F3	205	0.8000	0.8571	0.8824
F3	206	0.6000	0.8571	0.8235
F3	207	0.8000	0.8571	0.9412
F3	208	0.8000	0.7143	0.8824
F3	211	0.8000	0.8571	0.9412
F3	212	0.8000	0.8571	0.8824
F3	213	0.8000	0.8571	0.9412
F3	214	0.8000	0.7143	0.8235
F3	216	0.8000	0.7143	0.9412
F3	217	0.8000	0.8571	0.9412
F3	218	0.8000	0.7143	0.5294
F3	221	0.8000	0.5000	0.2941
G	28	0.6667	0.5000	0.4000
G	30	0.6667	0.5000	0.1000
G	31	0.6667	0.8333	0.9500
G	32	0.6667	0.8333	0.9000
G	33	0.6667	0.8333	0.9500
G	34	0.6667	0.8333	0.9500
G	35	0.6667	0.8333	0.9500
G	38	0.6667	0.8333	0.9500
G	42	0.6667	0.8333	0.9500
G	44	0.6667	0.5000	0.1500
G	45	0.6667	0.8333	0.9500
G	52	0.6667	0.5000	0.6500
G	56	0.6667	0.8333	0.9000
G	57	0.6667	0.6667	0.8500
G	58	0.6667	0.8333	0.8500
G	59	0.6667	0.8333	0.9500
G	63	0.6667	0.6667	0.7500
G	64	0.6667	0.5000	0.1000
G	65	0.6667	0.3333	0.2000
G	66	0.6667	0.8333	0.9500
G	67	0.6667	0.8333	0.9000
G	68	0.6667	0.5000	0.3500
G	70	0.6667	0.8333	0.9500
G	71	0.6667	0.8333	0.9000
G	72	0.6667	0.8333	0.9000
G	73	0.6667	0.3333	0.8500
G	74	0.6667	0.8333	0.9000
G	75	0.6667	0.5000	0.4500
G	76	0.6667	0.8333	0.9500
G	77	0.6667	0.8333	0.9500
G	80	0.6667	0.5000	0.8000
G	81	0.6667	0.6667	0.8500
G	82	0.6667	0.8333	0.9500
G	83	0.6667	0.5000	0.1000
G	84	0.6667	0.6667	0.3000
G	85	0.6667	0.8333	0.7000
G	86	0.6667	0.5000	0.4000
G	87	0.6667	0.6667	0.6000
G	88	0.6667	0.8333	0.9500
G	89	0.6667	0.5000	0.3500
G	90	0.6667	0.3333	0.3000
G	91	0.6667	0.5000	0.2500
G	92	0.6667	0.5000	0.5500
G	93	0.6667	0.8333	0.9500
G	94	0.6667	0.6667	0.4000
G	95	0.6667	0.5000	0.3500
G	97	0.6667	0.5000	0.1000
G	98	0.6667	0.8333	0.8000
G	100	0.6667	0.8333	0.8500
G	101	0.6667	0.8333	0.8000
G	103	0.6667	0.8333	0.9500
G	104	0.6667	0.5000	0.1500
G	107	0.6667	0.8333	0.9000
G	108	0.6667	0.6667	0.5000
G	109	0.6667	0.8333	0.8000
G	110	0.6667	0.8333	0.9000
G	111	0.6667	0.3333	0.5000
G	112	0.6667	0.5000	0.3500
G	113	0.6667	0.8333	0.9000
G	117	0.6667	0.8333	0.9000
G	118	0.6667	0.5000	0.1000
G	119	0.6667	0.5000	0.2500
G	120	0.6667	0.6667	0.8000
G	121	0.6667	0.8333	0.9500
G	122	0.6667	0.6667	0.6500
G	123	0.6667	0.6667	0.5000
G	124	0.6667	0.3333	0.1500
G	125	0.6667	0.6667	0.8000
G	126	0.6667	0.3333	0.3500
G	130	0.6667	0.3333	0.1500
G	131	0.6667	0.6667	0.9000
G	132	0.6667	0.5000	0.5000
G	133	0.6667	0.3333	0.1500
G	134	0.6667	0.6667	0.9000
G	136	0.6667	0.8333	0.6500
G	137	0.6667	0.8333	0.9500
G	138	0.6667	0.6667	0.8500
G	140	0.6667	0.5000	0.2000
G	142	0.6667	0.8333	0.8500
G	143	0.6667	0.5000	0.4500
G	144	0.6667	0.8333	0.9500
G	147	0.6667	0.5000	0.2500
G	148	0.6667	0.3333	0.4000
G	149	0.6667	0.3333	0.1500
G	150	0.6667	0.5000	0.7000
G	151	0.6667	0.5000	0.2000
G	152	0.6667	0.8333	0.9000
G	153	0.6667	0.8333	0.9500
G	154	0.6667	0.5000	0.2000
G	155	0.6667	0.5000	0.2500
G	156	0.6667	0.3333	0.1500
G	158	0.6667	0.5000	0.1000
G	159	0.6667	0.5000	0.6000
G	160	0.6667	0.8333	0.7000
G	161	0.6667	0.6667	0.9500
G	162	0.6667	0.5000	0.6000
G	163	0.6667	0.3333	0.5500
G	164	0.6667	0.8333	0.9500
G	165	0.6667	0.6667	0.9000
G	166	0.6667	0.5000	0.1000
G	169	0.6667	0.8333	0.9500
G	170	0.6667	0.8333	0.7500
G	171	0.6667	0.8333	0.8500
G	172	0.6667	0.5000	0.4000
G	173	0.6667	0.8333	0.3000
G	177	0.6667	0.5000	0.7000
G	178	0.6667	0.8333	0.9500
G	179	0.6667	0.8333	0.9500
G	180	0.6667	0.8333	0.9500
G	183	0.6667	0.3333	0.3500
G	184	0.6667	0.8333	0.9500
G	185	0.6667	0.8333	0.9500
G	186	0.6667	0.3333	0.3500
G	187	0.6667	0.5000	0.1500
G	189	0.6667	0.3333	0.4000
G	190	0.6667	0.6667	0.5000
G	191	0.6667	0.5000	0.3500
G	192	0.6667	0.8333	0.9000
G	193	0.6667	0.3333	0.1000
G	194	0.6667	0.3333	0.3500
G	196	0.6667	0.5000	0.2000
G	198	0.6667	0.8333	0.9000
G	200	0.6667	0.3333	0.3500
G	201	0.6667	0.5000	0.1500
G	202	0.6667	0.5000	0.1500
G	203	0.6667	0.8333	0.9500
G	204	0.6667	0.5000	0.4000
G	205	0.6667	0.8333	0.9000
G	206	0.6667	0.8333	0.8000
G	207	0.6667	0.8333	0.9500
G	211	0.6667	0.8333	0.9500
G	212	0.6667	0.8333	0.9000
G	213	0.6667	0.8333	0.9500
G	214	0.6667	0.8333	0.8000
G	216	0.6667	0.8333	0.9000
G	217	0.6667	0.8333	0.9500
G	218	0.6667	0.5000	0.3500
G	221	0.6667	0.5000	0.5500
H	28	0.6667	0.4000	0.3684
H	30	0.6000	0.4000	0.5263
H	31	0.8000	0.8000	0.9474
H	32	0.8000	0.8000	0.8947
H	33	0.8000	0.8000	0.9474
H	34	0.8000	0.8000	0.9474
H	35	0.8000	0.8000	0.9474
H	38	0.8000	0.8000	0.9474
H	42	0.8000	0.8000	0.9474
H	44	0.8000	0.8000	0.7368
H	45	0.8000	0.8000	0.9474
H	52	0.8000	0.4000	0.6316
H	56	0.8000	0.8000	0.8947
H	57	0.8000	0.6000	0.8421
H	58	0.8000	0.8000	0.8421
H	59	0.8000	0.8000	0.9474
H	63	0.8000	0.8000	0.6842
H	64	0.8000	0.6000	0.8947
H	65	0.8000	0.4000	0.7368
H	66	0.8000	0.8000	0.9474
H	67	0.8000	0.8000	0.8947
H	68	0.6000	0.4000	0.4737
H	70	0.8000	0.8000	0.9474
H	73	0.8000	0.8000	0.6842
H	74	0.8000	0.8000	0.8947
H	75	0.8000	0.4000	0.3158
H	76	0.8000	0.8000	0.9474
H	77	0.8000	0.8000	0.9474
H	80	0.6000	0.8000	0.7368
H	81	0.8000	0.6000	0.8421
H	82	0.8000	0.8000	0.9474
H	83	0.6667	0.4000	0.3158
H	84	0.6667	0.4000	0.4211
H	85	0.6000	0.8000	0.7368
H	86	0.6667	0.5000	0.2632
H	87	0.6667	0.5000	0.1053
H	88	0.8000	0.8000	0.9474
H	89	0.6667	0.4000	0.4211
H	90	0.6667	0.4000	0.1053
H	91	0.6667	0.5000	0.2632
H	92	0.6667	0.5000	0.1053
H	93	0.8000	0.8000	0.9474
H	94	0.6667	0.4000	0.2632
H	95	0.6000	0.4000	0.3158
H	97	0.8000	0.6000	0.6842
H	98	0.8000	0.6000	0.8421
H	100	0.6000	0.8000	0.8947
H	101	0.6000	0.8000	0.8421
H	103	0.8000	0.8000	0.9474
H	104	0.8000	0.6000	0.7895
H	105	0.6000	0.6000	0.5263
H	107	0.8000	0.8000	0.8947
H	108	0.6000	0.5000	0.6316
H	109	0.6667	0.5000	0.1053
H	110	0.8000	0.6000	0.9474
H	111	0.6667	0.5000	0.1053
H	112	0.6000	0.8000	0.3684
H	113	0.8000	0.8000	0.8947
H	117	0.6000	0.8000	0.9474
H	118	0.6000	0.6000	0.5263
H	119	0.6667	0.5000	0.1053
H	120	0.6667	0.6000	0.8947
H	121	0.8000	0.8000	0.9474
H	122	0.8000	0.8000	0.5789
H	123	0.6667	0.6000	0.5789
H	124	0.6667	0.5000	0.1053
H	125	0.6000	0.4000	0.8947
H	126	0.6000	0.6000	0.4211
H	128	0.8000	0.8000	0.8947
H	129	0.6000	0.6000	0.8421
H	130	0.6000	0.6000	0.8421
H	131	0.8000	0.8000	0.8421
H	132	0.6667	0.5000	0.1579
H	133	0.6000	0.4000	0.3684
H	134	0.8000	0.8000	0.8421
H	136	0.6667	0.5000	0.1053
H	137	0.8000	0.8000	0.9474
H	138	0.8000	0.6000	0.8421
H	139	0.8000	0.4000	0.6316
H	140	0.6667	0.5000	0.2105
H	144	0.8000	0.8000	0.9474
H	146	0.8000	0.4000	0.7368
H	147	0.6667	0.5000	0.1579
H	148	0.8000	0.5000	0.2632
H	149	0.6000	0.6000	0.7368
H	150	0.6000	0.6000	0.6842
H	152	0.8000	0.8000	0.8947
H	153	0.8000	0.8000	0.9474
H	154	0.6000	0.5000	0.3684
H	155	0.6667	0.5000	0.1579
H	156	0.6667	0.5000	0.3158
H	158	0.8000	0.6000	0.7368
H	159	0.6000	0.6000	0.5789
H	160	0.6000	0.6000	0.7895
H	161	0.8000	0.8000	0.8947
H	162	0.8000	0.6000	0.4211
H	163	0.6000	0.5000	0.3158
H	164	0.8000	0.8000	0.9474
H	165	0.8000	0.8000	0.8421
H	166	0.8000	0.8000	0.4211
H	169	0.8000	0.8000	0.9474
H	170	0.8000	0.6000	0.7895
H	171	0.8000	0.8000	0.8421
H	172	0.6000	0.4000	0.3158
H	173	0.6000	0.5000	0.4737
H	174	0.6667	0.5000	0.1579
H	177	0.6000	0.8000	0.6316
H	178	0.8000	0.8000	0.9474
H	179	0.8000	0.8000	0.9474
H	180	0.8000	0.8000	0.9474
H	182	0.8000	0.8000	0.8421
H	183	0.6000	0.5000	0.3684
H	184	0.8000	0.8000	0.9474
H	185	0.8000	0.8000	0.9474
H	186	0.6000	0.5000	0.3684
H	187	0.6000	0.5000	0.2105
H	189	0.6000	0.4000	0.3684
H	190	0.6667	0.5000	0.1579
H	191	0.8000	0.8000	0.5789
H	192	0.8000	0.8000	0.8947
H	193	0.6667	0.4000	0.8421
H	194	0.6667	0.4000	0.3684
H	196	0.6667	0.5000	0.1579
H	198	0.6000	0.8000	0.9474
H	200	0.8000	0.5000	0.6842
H	201	0.8000	0.5000	0.6842
H	202	0.8000	0.5000	0.7368
H	203	0.8000	0.8000	0.9474
H	204	0.6000	0.4000	0.2632
H	205	0.8000	0.8000	0.8947
H	206	0.8000	0.6000	0.8421
H	207	0.8000	0.8000	0.9474
H	208	0.8000	0.6000	0.8947
H	211	0.8000	0.8000	0.9474
H	212	0.8000	0.6000	0.9474
H	213	0.8000	0.8000	0.9474
H	214	0.8000	0.8000	0.7895
H	216	0.8000	0.8000	0.8947
H	217	0.8000	0.8000	0.9474
H	218	0.6000	0.6000	0.6316
H	221	0.6000	0.6000	0.5263
H3	28	0.7500	0.5000	0.3000
H3	30	0.7500	0.5000	0.3000
H3	31	0.7500	0.8000	0.9500
H3	32	0.7500	0.8000	0.9000
H3	33	0.7500	0.8000	0.9500
H3	34	0.7500	0.8000	0.9500
H3	35	0.7500	0.8000	0.9500
H3	38	0.7500	0.8000	0.9500
H3	42	0.7500	0.8000	0.9500
H3	44	0.7500	0.8000	0.7500
H3	45	0.7500	0.8000	0.9500
H3	56	0.7500	0.8000	0.9000
H3	57	0.7500	0.4000	0.9000
H3	58	0.7500	0.8000	0.8500
H3	59	0.7500	0.8000	0.9500
H3	63	0.7500	0.8000	0.7000
H3	64	0.7500	0.8000	0.8500
H3	65	0.7500	0.4000	0.7500
H3	66	0.7500	0.8000	0.9500
H3	67	0.7500	0.8000	0.9000
H3	68	0.7500	0.4000	0.4500
H3	70	0.7500	0.8000	0.9500
H3	71	0.7500	0.6000	0.9500
H3	72	0.7500	0.6000	0.9500
H3	73	0.6667	0.6000	0.8000
H3	74	0.7500	0.8000	0.9000
H3	75	0.6667	0.5000	0.1000
H3	76	0.7500	0.8000	0.9500
H3	77	0.7500	0.8000	0.9500
H3	80	0.7500	0.8000	0.7000
H3	82	0.7500	0.8000	0.9500
H3	84	0.6667	0.5000	0.3000
H3	85	0.7500	0.6000	0.7500
H3	86	0.6667	0.5000	0.5000
H3	87	0.6667	0.4000	0.7000
H3	88	0.7500	0.8000	0.9500
H3	89	0.6667	0.5000	0.1000
H3	90	0.6667	0.5000	0.3500
H3	91	0.6667	0.5000	0.2000
H3	92	0.6667	0.4000	0.6000
H3	93	0.7500	0.8000	0.9500
H3	94	0.6667	0.4000	0.2500
H3	95	0.6667	0.4000	0.3500
H3	97	0.7500	0.6000	0.7000
H3	98	0.6667	0.5000	0.1000
H3	100	0.7500	0.8000	0.8500
H3	101	0.7500	0.8000	0.8000
H3	103	0.7500	0.8000	0.9500
H3	104	0.7500	0.8000	0.7500
H3	105	0.7500	0.6000	0.5000
H3	107	0.7500	0.8000	0.9000
H3	109	0.7500	0.6000	0.8500
H3	110	0.7500	0.8000	0.9000
H3	111	0.6667	0.5000	0.1500
H3	112	0.6667	0.4000	0.5000
H3	113	0.7500	0.8000	0.9000
H3	117	0.7500	0.8000	0.9000
H3	118	0.6667	0.5000	0.2500
H3	120	0.6667	0.8000	0.8000
H3	121	0.7500	0.8000	0.9500
H3	122	0.7500	0.6000	0.6500
H3	123	0.6667	0.6000	0.5500
H3	124	0.6667	0.4000	0.1500
H3	126	0.7500	0.4000	0.4500
H3	128	0.7500	0.8000	0.9000
H3	129	0.6667	0.8000	0.8000
H3	130	0.6667	0.8000	0.8000
H3	131	0.7500	0.8000	0.8500
H3	132	0.7500	0.5000	0.5500
H3	133	0.6667	0.5000	0.2500
H3	134	0.7500	0.8000	0.8500
H3	136	0.7500	0.6000	0.7000
H3	137	0.7500	0.8000	0.9500
H3	139	0.6667	0.5000	0.1500
H3	140	0.7500	0.5000	0.2500
H3	142	0.7500	0.4000	0.9500
H3	143	0.6667	0.5000	0.1500
H3	144	0.7500	0.8000	0.9500
H3	146	0.7500	0.8000	0.6500
H3	147	0.6667	0.5000	0.4000
H3	148	0.6667	0.5000	0.4500
H3	149	0.7500	0.8000	0.6500
H3	150	0.6667	0.5000	0.1000
H3	152	0.7500	0.8000	0.9000
H3	153	0.7500	0.8000	0.9500
H3	154	0.6667	0.5000	0.1000
H3	155	0.6667	0.5000	0.3500
H3	158	0.7500	0.8000	0.7000
H3	159	0.6667	0.4000	0.6500
H3	161	0.6667	0.8000	0.9500
H3	162	0.6667	0.4000	0.5500
H3	163	0.6667	0.4000	0.5500
H3	164	0.7500	0.8000	0.9500
H3	165	0.6667	0.8000	0.9000
H3	166	0.6667	0.6000	0.5500
H3	169	0.7500	0.8000	0.9500
H3	170	0.7500	0.8000	0.7500
H3	171	0.7500	0.6000	0.9000
H3	172	0.7500	0.6000	0.5500
H3	173	0.6667	0.5000	0.1000
H3	174	0.7500	0.4000	0.2000
H3	176	0.6667	0.6000	0.6500
H3	177	0.7500	0.6000	0.6500
H3	178	0.7500	0.8000	0.9500
H3	179	0.7500	0.8000	0.9500
H3	180	0.7500	0.8000	0.9500
H3	182	0.7500	0.6000	0.9000
H3	183	0.6667	0.6000	0.3000
H3	184	0.7500	0.8000	0.9500
H3	185	0.7500	0.8000	0.9500
H3	186	0.6667	0.4000	0.4000
H3	187	0.6667	0.6000	0.6500
H3	189	0.6667	0.4000	0.6500
H3	190	0.6667	0.4000	0.6000
H3	191	0.7500	0.8000	0.6000
H3	192	0.7500	0.6000	0.9500
H3	194	0.6667	0.5000	0.1000
H3	196	0.6667	0.6000	0.5000
H3	198	0.7500	0.8000	0.9000
H3	200	0.6667	0.5000	0.4000
H3	201	0.6667	0.5000	0.2000
H3	202	0.6667	0.5000	0.1500
H3	203	0.7500	0.8000	0.9500
H3	204	0.7500	0.4000	0.2500
H3	205	0.7500	0.8000	0.9000
H3	206	0.6667	0.5000	0.1500
H3	207	0.7500	0.8000	0.9500
H3	208	0.7500	0.8000	0.8500
H3	211	0.7500	0.8000	0.9500
H3	212	0.7500	0.8000	0.9000
H3	213	0.7500	0.8000	0.9500
H3	214	0.7500	0.8000	0.8000
H3	216	0.7500	0.6000	0.9500
H3	217	0.7500	0.8000	0.9500
H3	218	0.7500	0.8000	0.5500
H3	221	0.7500	0.5000	0.3000
I	28	0.6667	0.2857	0.4118
I	30	0.8000	0.4286	0.4706
I	31	0.8000	0.8571	0.9412
I	32	0.8000	0.8571	0.8824
I	33	0.8000	0.8571	0.9412
I	34	0.8000	0.8571	0.9412
I	35	0.8000	0.8571	0.9412
I	38	0.8000	0.8571	0.9412
I	42	0.8000	0.8571	0.9412
I	44	0.6000	0.8571	0.7647
I	45	0.8000	0.8571	0.9412
I	52	0.8000	0.7143	0.5294
I	56	0.8000	0.8571	0.8824
I	57	0.8000	0.8571	0.7647
I	58	0.8000	0.8571	0.8235
I	59	0.8000	0.8571	0.9412
I	63	0.8000	0.7143	0.7059
I	64	0.8000	0.7143	0.8824
I	65	0.6000	0.7143	0.7059
I	66	0.8000	0.8571	0.9412
I	67	0.8000	0.8571	0.8824
I	68	0.6667	0.5000	0.1176
I	70	0.8000	0.8571	0.9412
I	71	0.6000	0.8571	0.9412
I	72	0.6000	0.8571	0.9412
I	73	0.6000	0.7143	0.7647
I	74	0.6000	0.8571	0.9412
I	75	0.6000	0.2857	0.4118
I	76	0.8000	0.8571	0.9412
I	77	0.8000	0.8571	0.9412
I	80	0.8000	0.7143	0.7059
I	81	0.6000	0.8571	0.8235
I	82	0.8000	0.8571	0.9412
I	83	0.6667	0.5000	0.2353
I	84	0.6667	0.5714	0.2941
I	85	0.6667	0.5000	0.2353
I	86	0.6667	0.5000	0.1176
I	87	0.6667	0.5000	0.2353
I	88	0.8000	0.8571	0.9412
I	89	0.6667	0.2857	0.3529
I	90	0.6667	0.5000	0.2353
I	91	0.6667	0.2857	0.3529
I	92	0.6667	0.2857	0.7059
I	93	0.8000	0.8571	0.9412
I	94	0.6667	0.5000	0.1765
I	95	0.6667	0.4286	0.4118
I	97	0.8000	0.5714	0.7059
I	98	0.8000	0.7143	0.8235
I	100	0.6667	0.5000	0.1176
I	101	0.6667	0.2857	0.5000
I	103	0.8000	0.8571	0.9412
I	104	0.8000	0.7143	0.7647
I	107	0.8000	0.8571	0.8824
I	108	0.6000	0.2857	0.6471
I	109	0.6000	0.7143	0.8824
I	110	0.8000	0.7143	0.9412
I	111	0.6000	0.5714	0.7059
I	112	0.6667	0.2857	0.5000
I	113	0.8000	0.8571	0.8824
I	118	0.6000	0.5714	0.5294
I	119	0.6667	0.5000	0.1765
I	120	0.6667	0.2857	0.1176
I	121	0.8000	0.8571	0.9412
I	122	0.8000	0.7143	0.5882
I	123	0.6667	0.2857	0.1765
I	124	0.6000	0.5714	0.7059
I	125	0.6667	0.2857	0.1176
I	126	0.8000	0.7143	0.2941
I	128	0.8000	0.8571	0.8824
I	129	0.6667	0.2857	0.1176
I	130	0.6667	0.2857	0.1765
I	131	0.8000	0.8571	0.8235
I	132	0.6667	0.5714	0.5294
I	133	0.6000	0.5714	0.2941
I	134	0.8000	0.8571	0.8235
I	136	0.6667	0.5714	0.8235
I	137	0.8000	0.8571	0.9412
I	138	0.8000	0.8571	0.7647
I	139	0.8000	0.4286	0.6471
I	140	0.6667	0.2857	0.1765
I	142	0.6000	0.8571	0.8824
I	143	0.6667	0.2857	0.5000
I	144	0.8000	0.8571	0.9412
I	146	0.6000	0.7143	0.7059
I	147	0.6667	0.2857	0.1765
I	148	0.6000	0.4286	0.2353
I	149	0.8000	0.8571	0.5882
I	150	0.6667	0.2857	0.1765
I	151	0.6000	0.2857	0.2353
I	152	0.6000	0.8571	0.9412
I	153	0.8000	0.8571	0.9412
I	154	0.6000	0.4286	0.2941
I	155	0.6667	0.2857	0.2353
I	156	0.6667	0.4286	0.2353
I	158	0.8000	0.5714	0.7647
I	159	0.6667	0.2857	0.2941
I	160	0.8000	0.7143	0.7059
I	161	0.8000	0.7143	0.9412
I	162	0.6000	0.4286	0.5294
I	163	0.6000	0.4286	0.5294
I	164	0.8000	0.8571	0.9412
I	165	0.8000	0.5714	0.9412
I	166	0.6000	0.4286	0.5882
I	169	0.8000	0.8571	0.9412
I	170	0.8000	0.7143	0.7647
I	171	0.8000	0.7143	0.8824
I	172	0.6000	0.5714	0.5882
I	173	0.6667	0.5000	0.2941
I	174	0.6667	0.5000	0.1765
I	176	0.6000	0.4286	0.7059
I	177	0.6000	0.2857	0.2941
I	178	0.8000	0.8571	0.9412
I	179	0.8000	0.8571	0.9412
I	180	0.8000	0.8571	0.9412
I	182	0.8000	0.8571	0.8235
I	183	0.6667	0.2857	0.1176
I	184	0.8000	0.8571	0.9412
I	185	0.8000	0.8571	0.9412
I	186	0.6667	0.4286	0.4118
I	187	0.6000	0.4286	0.7059
I	189	0.6000	0.5714	0.5882
I	190	0.6667	0.4286	0.6471
I	191	0.6000	0.5714	0.7059
I	192	0.8000	0.8571	0.8824
I	193	0.6667	0.5000	0.1765
I	194	0.6000	0.2857	0.2941
I	196	0.6000	0.4286	0.5294
I	198	0.8000	0.8571	0.8824
I	200	0.8000	0.4286	0.6471
I	201	0.8000	0.4286	0.6471
I	202	0.8000	0.5714	0.6471
I	203	0.8000	0.8571	0.9412
I	204	0.6000	0.4286	0.2353
I	205	0.8000	0.7143	0.9412
I	206	0.8000	0.7143	0.8235
I	207	0.8000	0.8571	0.9412
I	208	0.8000	0.7143	0.8824
I	211	0.8000	0.8571	0.9412
I	212	0.8000	0.7143	0.9412
I	213	0.8000	0.8571	0.9412
I	214	0.8000	0.5714	0.8824
I	216	0.8000	0.8571	0.8824
I	217	0.8000	0.8571	0.9412
I	218	0.8000	0.5714	0.5882
I	221	0.8000	0.5714	0.4706
I3	28	0.5714	0.5000	0.3125
I3	30	0.5714	0.5000	0.3125
I3	31	0.8571	0.8333	0.9375
I3	32	0.7143	0.8333	0.9375
I3	33	0.8571	0.8333	0.9375
I3	34	0.8571	0.8333	0.9375
I3	35	0.8571	0.8333	0.9375
I3	38	0.8571	0.8333	0.9375
I3	42	0.8571	0.8333	0.9375
I3	44	0.8571	0.6667	0.7500
I3	45	0.8571	0.8333	0.9375
I3	52	0.4286	0.8333	0.6250
I3	56	0.7143	0.8333	0.9375
I3	57	0.7143	0.8333	0.8125
I3	58	0.7143	0.8333	0.8750
I3	59	0.8571	0.8333	0.9375
I3	63	0.6667	0.3333	0.2500
I3	64	0.8571	0.6667	0.8750
I3	65	0.7143	0.6667	0.6875
I3	66	0.8571	0.8333	0.9375
I3	67	0.8571	0.8333	0.8750
I3	68	0.4286	0.3333	0.4375
I3	70	0.8571	0.8333	0.9375
I3	71	0.8571	0.8333	0.8750
I3	72	0.8571	0.8333	0.8750
I3	73	0.4286	0.8333	0.8125
I3	74	0.8571	0.8333	0.8750
I3	75	0.6667	0.5000	0.2500
I3	76	0.8571	0.8333	0.9375
I3	77	0.8571	0.8333	0.9375
I3	80	0.6667	0.5000	0.2500
I3	81	0.7143	0.8333	0.8125
I3	82	0.8571	0.8333	0.9375
I3	83	0.4286	0.5000	0.3750
I3	84	0.6667	0.5000	0.3750
I3	85	0.8571	0.6667	0.6875
I3	86	0.5714	0.5000	0.3750
I3	87	0.7143	0.6667	0.5625
I3	88	0.8571	0.8333	0.9375
I3	89	0.4286	0.3333	0.4375
I3	90	0.6667	0.3333	0.2500
I3	91	0.6667	0.5000	0.2500
I3	92	0.4286	0.6667	0.5625
I3	93	0.8571	0.8333	0.9375
I3	94	0.6667	0.3333	0.1250
I3	95	0.4286	0.5000	0.4375
I3	97	0.7143	0.5000	0.7500
I3	98	0.8571	0.6667	0.8125
I3	100	0.8571	0.6667	0.8750
I3	101	0.7143	0.6667	0.8750
I3	103	0.8571	0.8333	0.9375
I3	104	0.7143	0.6667	0.8125
I3	105	0.5714	0.3333	0.6250
I3	107	0.8571	0.8333	0.8750
I3	108	0.5714	0.5000	0.5625
I3	109	0.8571	0.8333	0.7500
I3	110	0.8571	0.8333	0.8750
I3	111	0.5714	0.5000	0.7500
I3	112	0.4286	0.6667	0.3125
I3	113	0.8571	0.8333	0.8750
I3	117	0.8571	0.8333	0.8750
I3	118	0.5714	0.3333	0.6250
I3	119	0.6667	0.5000	0.1875
I3	120	0.7143	0.8333	0.7500
I3	121	0.8571	0.8333	0.9375
I3	122	0.6667	0.5000	0.1250
I3	123	0.5714	0.6667	0.5000
I3	124	0.7143	0.5000	0.6875
I3	125	0.7143	0.8333	0.7500
I3	128	0.8571	0.6667	0.9375
I3	129	0.7143	0.6667	0.8125
I3	130	0.7143	0.6667	0.8125
I3	131	0.6667	0.5000	0.1250
I3	132	0.6667	0.3333	0.1875
I3	133	0.4286	0.5000	0.5000
I3	134	0.6667	0.5000	0.1250
I3	136	0.8571	0.6667	0.6250
I3	137	0.8571	0.8333	0.9375
I3	138	0.7143	0.8333	0.8125
I3	139	0.5714	0.5000	0.6875
I3	140	0.4286	0.3333	0.1875
I3	142	0.8571	0.8333	0.8125
I3	143	0.4286	0.3333	0.2500
I3	144	0.8571	0.8333	0.9375
I3	146	0.7143	0.5000	0.7500
I3	147	0.6667	0.5000	0.1875
I3	148	0.6667	0.5000	0.1875
I3	149	0.6667	0.3333	0.1875
I3	150	0.5714	0.6667	0.6875
I3	151	0.6667	0.3333	0.2500
I3	152	0.8571	0.8333	0.8750
I3	153	0.8571	0.8333	0.9375
I3	154	0.6667	0.3333	0.1250
I3	155	0.5714	0.3333	0.2500
I3	156	0.6667	0.3333	0.1875
I3	158	0.5714	0.6667	0.8125
I3	159	0.4286	0.5000	0.6875
I3	160	0.8571	0.8333	0.6250
I3	161	0.7143	0.8333	0.9375
I3	162	0.7143	0.5000	0.1250
I3	163	0.4286	0.5000	0.3750
I3	164	0.8571	0.8333	0.9375
I3	165	0.7143	0.6667	0.9375
I3	166	0.5714	0.3333	0.5000
I3	169	0.8571	0.8333	0.9375
I3	170	0.7143	0.6667	0.8125
I3	171	0.8571	0.6667	0.8750
I3	172	0.8571	0.3333	0.5625
I3	173	0.7143	0.5000	0.3125
I3	174	0.5714	0.3333	0.3125
I3	176	0.7143	0.6667	0.5625
I3	177	0.4286	0.5000	0.3750
I3	178	0.8571	0.8333	0.9375
I3	179	0.8571	0.8333	0.9375
I3	180	0.8571	0.8333	0.9375
I3	182	0.8571	0.6667	0.8750
I3	183	0.5714	0.5000	0.3750
I3	184	0.8571	0.8333	0.9375
I3	185	0.8571	0.8333	0.9375
I3	186	0.5714	0.5000	0.5000
I3	187	0.7143	0.6667	0.5625
I3	189	0.7143	0.6667	0.5000
I3	190	0.7143	0.5000	0.5000
I3	191	0.8571	0.3333	0.6875
I3	192	0.8571	0.8333	0.8750
I3	193	0.7143	0.6667	0.6875
I3	194	0.4286	0.5000	0.1250
I3	196	0.7143	0.3333	0.5000
I3	198	0.8571	0.8333	0.8750
I3	200	0.7143	0.5000	0.6250
I3	201	0.7143	0.5000	0.6250
I3	202	0.5714	0.5000	0.7500
I3	203	0.8571	0.8333	0.9375
I3	204	0.4286	0.5000	0.4375
I3	205	0.8571	0.8333	0.8750
I3	206	0.8571	0.6667	0.8125
I3	207	0.8571	0.8333	0.9375
I3	208	0.8571	0.6667	0.8750
I3	211	0.8571	0.8333	0.9375
I3	212	0.8571	0.8333	0.8750
I3	213	0.8571	0.8333	0.9375
I3	214	0.8571	0.5000	0.8750
I3	216	0.8571	0.8333	0.8750
I3	217	0.8571	0.8333	0.9375
I3	218	0.5714	0.6667	0.6250
I3	221	0.5714	0.5000	0.3125
J	28	0.7500	0.6667	0.2727
J	30	0.7500	0.6667	0.4545
J	31	0.7500	0.6667	0.9545
J	32	0.7500	0.6667	0.9091
J	33	0.7500	0.6667	0.9545
J	34	0.7500	0.6667	0.9545
J	35	0.7500	0.6667	0.9545
J	38	0.7500	0.6667	0.9545
J	42	0.7500	0.6667	0.9545
J	44	0.7500	0.6667	0.7727
J	45	0.7500	0.6667	0.9545
J	52	0.7500	0.6667	0.5909
J	56	0.7500	0.6667	0.9091
J	57	0.7500	0.6667	0.8182
J	58	0.7500	0.6667	0.8636
J	59	0.7500	0.6667	0.9545
J	63	0.7500	0.5000	0.1818
J	64	0.7500	0.6667	0.8636
J	65	0.7500	0.6667	0.6818
J	66	0.7500	0.6667	0.9545
J	67	0.7500	0.6667	0.9091
J	68	0.7500	0.5000	0.4545
J	70	0.7500	0.6667	0.9545
J	71	0.7500	0.6667	0.9091
J	72	0.7500	0.6667	0.9091
J	73	0.7500	0.6667	0.7273
J	74	0.7500	0.6667	0.9091
J	75	0.7500	0.5000	0.2273
J	76	0.7500	0.6667	0.9545
J	77	0.7500	0.6667	0.9545
J	80	0.7500	0.6667	0.7273
J	81	0.7500	0.6667	0.8182
J	82	0.7500	0.6667	0.9545
J	83	0.6667	0.5000	0.3182
J	84	0.6667	0.6667	0.3182
J	85	0.7500	0.5000	0.7727
J	87	0.7500	0.5000	0.6364
J	88	0.7500	0.6667	0.9545
J	89	0.6667	0.5000	0.4091
J	90	0.6667	0.5000	0.3182
J	91	0.7500	0.6667	0.2273
J	93	0.7500	0.6667	0.9545
J	94	0.7500	0.5000	0.2273
J	95	0.6667	0.5000	0.3636
J	97	0.7500	0.6667	0.6818
J	98	0.6667	0.6667	0.8636
J	100	0.7500	0.5000	0.9091
J	101	0.7500	0.5000	0.8636
J	103	0.7500	0.6667	0.9545
J	104	0.7500	0.6667	0.7727
J	105	0.6667	0.5000	0.5909
J	107	0.7500	0.6667	0.9091
J	108	0.6667	0.6667	0.5455
J	109	0.6667	0.5000	0.0909
J	110	0.7500	0.6667	0.9091
J	111	0.6667	0.5000	0.0909
J	112	0.6667	0.5000	0.5000
J	113	0.7500	0.6667	0.9091
J	117	0.7500	0.5000	0.9545
J	118	0.6667	0.6667	0.5455
J	119	0.6667	0.5000	0.0909
J	120	0.7500	0.5000	0.8182
J	121	0.7500	0.6667	0.9545
J	122	0.7500	0.6667	0.6364
J	123	0.7500	0.5000	0.5455
J	124	0.6667	0.5000	0.0909
J	125	0.7500	0.5000	0.8182
J	126	0.6667	0.6667	0.4545
J	128	0.7500	0.6667	0.9091
J	129	0.7500	0.5000	0.8182
J	130	0.7500	0.5000	0.8182
J	131	0.7500	0.6667	0.8636
J	132	0.6667	0.5000	0.1364
J	133	0.6667	0.6667	0.3636
J	134	0.7500	0.6667	0.8636
J	136	0.6667	0.5000	0.0909
J	137	0.7500	0.6667	0.9545
J	138	0.7500	0.6667	0.8182
J	139	0.7500	0.6667	0.5909
J	140	0.6667	0.5000	0.1818
J	142	0.7500	0.6667	0.8636
J	143	0.7500	0.5000	0.3636
J	144	0.7500	0.6667	0.9545
J	146	0.6667	0.6667	0.7273
J	147	0.6667	0.5000	0.2273
J	148	0.6667	0.5000	0.4091
J	149	0.7500	0.6667	0.6818
J	150	0.7500	0.5000	0.6818
J	151	0.6667	0.5000	0.2727
J	152	0.7500	0.6667	0.9091
J	153	0.7500	0.6667	0.9545
J	154	0.6667	0.6667	0.3182
J	155	0.6667	0.5000	0.1364
J	156	0.6667	0.5000	0.2727
J	158	0.7500	0.6667	0.7273
J	159	0.6667	0.5000	0.6364
J	160	0.6667	0.5000	0.1364
J	161	0.7500	0.6667	0.9091
J	162	0.6667	0.6667	0.5000
J	163	0.6667	0.5000	0.3182
J	164	0.7500	0.6667	0.9545
J	165	0.7500	0.6667	0.8636
J	166	0.7500	0.6667	0.5000
J	169	0.7500	0.6667	0.9545
J	170	0.6667	0.6667	0.8182
J	171	0.7500	0.6667	0.8636
J	172	0.6667	0.6667	0.5909
J	173	0.6667	0.5000	0.0909
J	174	0.7500	0.5000	0.2273
J	176	0.6667	0.5000	0.1364
J	177	0.7500	0.5000	0.6818
J	178	0.7500	0.6667	0.9545
J	179	0.7500	0.6667	0.9545
J	180	0.7500	0.6667	0.9545
J	182	0.7500	0.6667	0.8636
J	183	0.6667	0.5000	0.3636
J	184	0.7500	0.6667	0.9545
J	185	0.7500	0.6667	0.9545
J	186	0.6667	0.5000	0.3636
J	187	0.6667	0.5000	0.1364
J	189	0.7500	0.6667	0.5455
J	190	0.6667	0.6667	0.5455
J	191	0.7500	0.5000	0.2727
J	192	0.7500	0.6667	0.9091
J	193	0.7500	0.5000	0.7273
J	194	0.6667	0.5000	0.3636
J	196	0.6667	0.6667	0.5000
J	198	0.7500	0.6667	0.9091
J	200	0.7500	0.6667	0.5909
J	201	0.7500	0.6667	0.5909
J	202	0.7500	0.6667	0.6364
J	203	0.7500	0.6667	0.9545
J	204	0.6667	0.5000	0.1364
J	206	0.7500	0.6667	0.8182
J	207	0.7500	0.6667	0.9545
J	208	0.7500	0.6667	0.8636
J	211	0.7500	0.6667	0.9545
J	212	0.7500	0.6667	0.9091
J	213	0.7500	0.6667	0.9545
J	214	0.7500	0.5000	0.0909
J	216	0.7500	0.6667	0.9091
J	217	0.7500	0.6667	0.9545
J	218	0.7500	0.6667	0.5909
J	221	0.7500	0.5000	0.0909
K	28	0.6000	0.3333	0.3333
K	30	0.8000	0.3333	0.5333
K	31	0.8000	0.8889	0.9333
K	32	0.8000	0.7778	0.9333
K	33	0.8000	0.8889	0.9333
K	34	0.8000	0.8889	0.9333
K	35	0.8000	0.8889	0.9333
K	38	0.8000	0.8889	0.9333
K	42	0.8000	0.8889	0.9333
K	44	0.8000	0.8889	0.6667
K	45	0.8000	0.8889	0.9333
K	52	0.8000	0.5556	0.6000
K	56	0.8000	0.7778	0.9333
K	57	0.8000	0.7778	0.8000
K	58	0.8000	0.7778	0.8667
K	59	0.8000	0.8889	0.9333
K	63	0.6000	0.2222	0.2000
K	64	0.8000	0.7778	0.8667
K	65	0.8000	0.6667	0.6667
K	66	0.8000	0.8889	0.9333
K	67	0.8000	0.8889	0.8667
K	68	0.8000	0.4444	0.4000
K	70	0.8000	0.8889	0.9333
K	71	0.8000	0.8889	0.8667
K	72	0.8000	0.8889	0.8667
K	73	0.8000	0.5556	0.8000
K	74	0.8000	0.8889	0.8667
K	75	0.6000	0.2222	0.2667
K	76	0.8000	0.8889	0.9333
K	77	0.8000	0.8889	0.9333
K	80	0.8000	0.5556	0.8000
K	81	0.8000	0.7778	0.8000
K	82	0.8000	0.8889	0.9333
K	83	0.6667	0.5000	0.2000
K	84	0.6667	0.5556	0.3333
K	85	0.6000	0.8889	0.6667
K	86	0.6667	0.5000	0.3333
K	87	0.6000	0.7778	0.5333
K	88	0.8000	0.8889	0.9333
K	90	0.6667	0.3333	0.2000
K	91	0.8000	0.2222	0.2667
K	92	0.6000	0.4444	0.6000
K	93	0.8000	0.8889	0.9333
K	94	0.6000	0.2222	0.2667
K	95	0.6667	0.4444	0.4000
K	97	0.8000	0.6667	0.6667
K	98	0.6667	0.5000	0.1333
K	100	0.6000	0.8889	0.8667
K	101	0.8000	0.7778	0.8000
K	103	0.8000	0.8889	0.9333
K	104	0.8000	0.6667	0.8000
K	105	0.6000	0.3333	0.1333
K	107	0.8000	0.8889	0.8667
K	108	0.6667	0.3333	0.5000
K	109	0.6000	0.8889	0.8000
K	110	0.8000	0.7778	0.9333
K	111	0.6000	0.6667	0.6667
K	112	0.6000	0.3333	0.4000
K	113	0.8000	0.8889	0.8667
K	117	0.8000	0.8889	0.8667
K	118	0.6667	0.3333	0.1333
K	119	0.6667	0.4444	0.2667
K	120	0.8000	0.7778	0.7333
K	121	0.8000	0.8889	0.9333
K	122	0.6000	0.5556	0.7333
K	123	0.6000	0.5556	0.5333
K	124	0.6000	0.7778	0.6000
K	125	0.8000	0.7778	0.7333
K	128	0.8000	0.8889	0.8667
K	129	0.8000	0.7778	0.7333
K	130	0.8000	0.7778	0.7333
K	131	0.8000	0.7778	0.8667
K	132	0.6667	0.6667	0.4667
K	134	0.8000	0.7778	0.8667
K	136	0.6000	0.8889	0.6000
K	137	0.8000	0.8889	0.9333
K	138	0.8000	0.7778	0.8000
K	139	0.8000	0.4444	0.6667
K	140	0.6667	0.4444	0.1333
K	142	0.8000	0.8889	0.8000
K	143	0.8000	0.3333	0.3333
K	144	0.8000	0.8889	0.9333
K	147	0.6667	0.2222	0.2000
K	148	0.6667	0.2222	0.4000
K	149	0.8000	0.7778	0.6000
K	150	0.6000	0.6667	0.6667
K	151	0.6667	0.3333	0.2000
K	152	0.8000	0.8889	0.8667
K	153	0.8000	0.8889	0.9333
K	154	0.6667	0.2222	0.2667
K	155	0.6667	0.3333	0.2000
K	156	0.6667	0.2222	0.3333
K	158	0.8000	0.4444	0.8667
K	159	0.6667	0.3333	0.2667
K	160	0.6000	0.8889	0.6667
K	161	0.8000	0.7778	0.9333
K	162	0.6667	0.4444	0.1333
K	163	0.6667	0.3333	0.6667
K	164	0.8000	0.8889	0.9333
K	165	0.8000	0.7778	0.8667
K	166	0.6000	0.3333	0.6667
K	169	0.8000	0.8889	0.9333
K	171	0.8000	0.8889	0.8000
K	173	0.6667	0.2222	0.2000
K	174	0.6000	0.2222	0.2667
K	176	0.6000	0.6667	0.6000
K	177	0.8000	0.5556	0.6667
K	178	0.8000	0.8889	0.9333
K	179	0.8000	0.8889	0.9333
K	180	0.8000	0.8889	0.9333
K	182	0.8000	0.8889	0.8000
K	183	0.6000	0.5000	0.1333
K	184	0.8000	0.8889	0.9333
K	185	0.8000	0.8889	0.9333
K	186	0.6000	0.3333	0.4000
K	187	0.6000	0.6667	0.6000
K	189	0.8000	0.6667	0.4667
K	190	0.6667	0.2222	0.3333
K	191	0.6000	0.5000	0.4000
K	192	0.8000	0.8889	0.8667
K	193	0.8000	0.7778	0.6000
K	194	0.6000	0.2222	0.3333
K	196	0.6000	0.3333	0.5000
K	198	0.8000	0.8889	0.8667
K	200	0.8000	0.5556	0.6000
K	201	0.8000	0.5556	0.6000
K	202	0.8000	0.5556	0.6667
K	203	0.8000	0.8889	0.9333
K	204	0.6667	0.4444	0.4667
K	205	0.6000	0.8889	0.9333
K	206	0.8000	0.8889	0.7333
K	207	0.8000	0.8889	0.9333
K	208	0.8000	0.7778	0.8667
K	211	0.8000	0.8889	0.9333
K	212	0.8000	0.7778	0.9333
K	213	0.8000	0.8889	0.9333
K	214	0.6000	0.5000	0.1333
K	216	0.8000	0.8889	0.8667
K	217	0.8000	0.8889	0.9333
K	218	0.8000	0.4444	0.6667
K	221	0.8000	0.5000	0.5000
L	28	0.6667	0.5000	0.3182
L	30	0.6667	0.5000	0.0909
L	31	0.6667	0.7500	0.9545
L	32	0.6667	0.7500	0.9091
L	33	0.6667	0.7500	0.9545
L	34	0.6667	0.7500	0.9545
L	35	0.6667	0.7500	0.9545
L	38	0.6667	0.7500	0.9545
L	42	0.6667	0.7500	0.9545
L	45	0.6667	0.7500	0.9545
L	52	0.6667	0.5000	0.3182
L	56	0.6667	0.7500	0.9091
L	57	0.6667	0.7500	0.8182
L	59	0.6667	0.7500	0.9545
L	63	0.6667	0.5000	0.7727
L	64	0.6667	0.7500	0.8636
L	65	0.6667	0.7500	0.6818
L	66	0.6667	0.7500	0.9545
L	67	0.6667	0.7500	0.9091
L	70	0.6667	0.7500	0.9545
L	71	0.6667	0.7500	0.9091
L	72	0.6667	0.7500	0.9091
L	73	0.6667	0.7500	0.7273
L	74	0.6667	0.7500	0.9091
L	75	0.6667	0.5000	0.4091
L	76	0.6667	0.7500	0.9545
L	77	0.6667	0.7500	0.9545
L	80	0.6667	0.5000	0.7727
L	81	0.6667	0.7500	0.8182
L	82	0.6667	0.7500	0.9545
L	83	0.6667	0.5000	0.0909
L	84	0.6667	0.5000	0.2273
L	86	0.6667	0.5000	0.2273
L	87	0.6667	0.5000	0.0909
L	88	0.6667	0.7500	0.9545
L	89	0.6667	0.5000	0.3636
L	91	0.6667	0.5000	0.2273
L	92	0.6667	0.5000	0.0909
L	93	0.6667	0.7500	0.9545
L	94	0.6667	0.5000	0.0909
L	95	0.6667	0.5000	0.4091
L	97	0.6667	0.5000	0.7273
L	98	0.6667	0.7500	0.8182
L	100	0.6667	0.7500	0.8636
L	101	0.6667	0.5000	0.8636
L	103	0.6667	0.7500	0.9545
L	104	0.6667	0.7500	0.7727
L	108	0.6667	0.5000	0.5455
L	110	0.6667	0.7500	0.9091
L	111	0.6667	0.5000	0.6818
L	117	0.6667	0.7500	0.9091
L	118	0.6667	0.5000	0.5455
L	119	0.6667	0.5000	0.3182
L	120	0.6667	0.7500	0.7727
L	121	0.6667	0.7500	0.9545
L	122	0.6667	0.5000	0.6818
L	124	0.6667	0.5000	0.6818
L	125	0.6667	0.7500	0.7727
L	126	0.6667	0.5000	0.5000
L	128	0.6667	0.7500	0.9091
L	129	0.6667	0.7500	0.7727
L	130	0.6667	0.7500	0.7727
L	131	0.6667	0.5000	0.9091
L	132	0.6667	0.5000	0.1364
L	133	0.6667	0.5000	0.3636
L	134	0.6667	0.5000	0.9091
L	137	0.6667	0.7500	0.9545
L	138	0.6667	0.7500	0.8182
L	139	0.6667	0.5000	0.6364
L	140	0.6667	0.5000	0.1818
L	142	0.6667	0.7500	0.8636
L	143	0.6667	0.5000	0.1364
L	144	0.6667	0.7500	0.9545
L	146	0.6667	0.7500	0.6818
L	147	0.6667	0.5000	0.3182
L	148	0.6667	0.5000	0.2727
L	149	0.6667	0.5000	0.1364
L	152	0.6667	0.7500	0.9091
L	153	0.6667	0.7500	0.9545
L	154	0.6667	0.5000	0.3636
L	155	0.6667	0.5000	0.2727
L	156	0.6667	0.5000	0.2727
L	158	0.6667	0.7500	0.7273
L	159	0.6667	0.5000	0.5909
L	160	0.6667	0.5000	0.1364
L	161	0.6667	0.7500	0.9091
L	162	0.6667	0.7500	0.4545
L	163	0.6667	0.5000	0.3182
L	164	0.6667	0.7500	0.9545
L	165	0.6667	0.5000	0.9091
L	166	0.6667	0.5000	0.5909
L	169	0.6667	0.7500	0.9545
L	170	0.6667	0.7500	0.7727
L	171	0.6667	0.5000	0.9091
L	172	0.6667	0.5000	0.3182
L	173	0.6667	0.5000	0.2273
L	174	0.6667	0.5000	0.1364
L	177	0.6667	0.5000	0.3182
L	178	0.6667	0.7500	0.9545
L	179	0.6667	0.7500	0.9545
L	180	0.6667	0.7500	0.9545
L	182	0.6667	0.7500	0.8636
L	183	0.6667	0.5000	0.3182
L	184	0.6667	0.7500	0.9545
L	185	0.6667	0.7500	0.9545
L	186	0.6667	0.5000	0.3182
L	187	0.6667	0.5000	0.1364
L	189	0.6667	0.5000	0.3636
L	190	0.6667	0.5000	0.5909
L	191	0.6667	0.5000	0.6818
L	192	0.6667	0.7500	0.9091
L	193	0.6667	0.7500	0.6818
L	196	0.6667	0.5000	0.1818
L	198	0.6667	0.7500	0.9091
L	200	0.6667	0.5000	0.6818
L	201	0.6667	0.5000	0.6818
L	202	0.6667	0.5000	0.6818
L	203	0.6667	0.7500	0.9545
L	204	0.6667	0.5000	0.4545
L	205	0.6667	0.7500	0.9091
L	206	0.6667	0.5000	0.8636
L	207	0.6667	0.7500	0.9545
L	208	0.6667	0.7500	0.8636
L	211	0.6667	0.7500	0.9545
L	212	0.6667	0.7500	0.9091
L	213	0.6667	0.7500	0.9545
L	214	0.6667	0.5000	0.8636
L	216	0.6667	0.7500	0.9091
L	217	0.6667	0.7500	0.9545
L	218	0.6667	0.7500	0.5909
L	221	0.6667	0.7500	0.5000
M	28	0.6667	0.4286	0.3750
M	30	0.6667	0.5714	0.5625
M	31	0.8333	0.8571	0.9375
M	32	0.8333	0.8571	0.8750
M	33	0.8333	0.8571	0.9375
M	34	0.8333	0.8571	0.9375
M	35	0.8333	0.8571	0.9375
M	38	0.8333	0.8571	0.9375
M	42	0.8333	0.8571	0.9375
M	44	0.6667	0.7143	0.8125
M	45	0.8333	0.8571	0.9375
M	52	0.8333	0.7143	0.5000
M	56	0.8333	0.8571	0.8750
M	57	0.8333	0.7143	0.8125
M	58	0.8333	0.8571	0.8125
M	59	0.8333	0.8571	0.9375
M	63	0.6667	0.7143	0.7500
M	64	0.6667	0.7143	0.9375
M	65	0.6667	0.5714	0.7500
M	66	0.8333	0.8571	0.9375
M	67	0.6667	0.8571	0.9375
M	68	0.6667	0.5714	0.5000
M	70	0.8333	0.8571	0.9375
M	71	0.8333	0.8571	0.8750
M	72	0.8333	0.8571	0.8750
M	74	0.8333	0.8571	0.8750
M	75	0.6667	0.5000	0.1250
M	76	0.8333	0.8571	0.9375
M	77	0.8333	0.8571	0.9375
M	82	0.8333	0.8571	0.9375
M	84	0.6667	0.4286	0.4375
M	85	0.6667	0.5714	0.8125
M	86	0.6667	0.4286	0.3750
M	87	0.6667	0.5714	0.6250
M	88	0.8333	0.8571	0.9375
M	89	0.6667	0.5000	0.1250
M	90	0.6667	0.4286	0.3125
M	92	0.6667	0.8571	0.3750
M	93	0.8333	0.8571	0.9375
M	94	0.6667	0.4286	0.4375
M	95	0.5000	0.2857	0.3750
M	97	0.6667	0.5714	0.7500
M	98	0.8333	0.7143	0.8125
M	100	0.8333	0.7143	0.8750
M	101	0.8333	0.8571	0.7500
M	103	0.8333	0.8571	0.9375
M	104	0.6667	0.7143	0.8125
M	105	0.6667	0.5000	0.1250
M	107	0.8333	0.8571	0.8750
M	108	0.6667	0.5714	0.5000
M	109	0.8333	0.8571	0.7500
M	110	0.6667	0.8571	0.9375
M	111	0.6667	0.5000	0.1875
M	112	0.5000	0.2857	0.5625
M	113	0.8333	0.8571	0.8750
M	117	0.8333	0.8571	0.8750
M	118	0.6667	0.4286	0.1250
M	119	0.5000	0.4286	0.2500
M	120	0.8333	0.7143	0.7500
M	121	0.8333	0.8571	0.9375
M	122	0.6667	0.5714	0.6875
M	123	0.8333	0.4286	0.5000
M	124	0.8333	0.5714	0.6250
M	125	0.8333	0.8571	0.6875
M	126	0.5000	0.5000	0.6250
M	128	0.8333	0.7143	0.9375
M	129	0.8333	0.7143	0.7500
M	130	0.8333	0.7143	0.7500
M	131	0.6667	0.8571	0.8750
M	132	0.6667	0.4286	0.5000
M	133	0.5000	0.2857	0.1875
M	134	0.6667	0.8571	0.8750
M	136	0.8333	0.8571	0.5625
M	137	0.8333	0.8571	0.9375
M	138	0.5000	0.5000	0.5000
M	139	0.5000	0.5000	0.1250
M	140	0.5000	0.4286	0.1875
M	142	0.8333	0.7143	0.8750
M	143	0.6667	0.5000	0.1875
M	144	0.8333	0.8571	0.9375
M	146	0.6667	0.5714	0.7500
M	147	0.6667	0.5000	0.3750
M	148	0.6667	0.2857	0.3750
M	149	0.6667	0.5714	0.7500
M	150	0.8333	0.7143	0.5625
M	151	0.5000	0.5000	0.3125
M	152	0.8333	0.8571	0.8750
M	153	0.8333	0.8571	0.9375
M	154	0.6667	0.4286	0.1875
M	155	0.6667	0.2857	0.2500
M	156	0.6667	0.4286	0.2500
M	158	0.5000	0.5000	0.1250
M	159	0.6667	0.5714	0.5625
M	160	0.6667	0.7143	0.7500
M	161	0.8333	0.8571	0.8750
M	162	0.5000	0.5000	0.2500
M	163	0.6667	0.5714	0.5625
M	164	0.8333	0.8571	0.9375
M	165	0.8333	0.8571	0.8125
M	166	0.6667	0.5000	0.1250
M	169	0.8333	0.8571	0.9375
M	170	0.5000	0.7143	0.8750
M	171	0.8333	0.7143	0.8750
M	172	0.6667	0.4286	0.6250
M	173	0.5000	0.5714	0.3750
M	174	0.6667	0.4286	0.2500
M	176	0.8333	0.5714	0.5625
M	177	0.6667	0.8571	0.5625
M	178	0.8333	0.8571	0.9375
M	179	0.8333	0.8571	0.9375
M	180	0.8333	0.8571	0.9375
M	182	0.8333	0.5714	0.9375
M	184	0.8333	0.8571	0.9375
M	185	0.8333	0.8571	0.9375
M	186	0.5000	0.5714	0.3125
M	187	0.8333	0.5714	0.5625
M	189	0.8333	0.4286	0.5625
M	190	0.5000	0.5714	0.5625
M	191	0.6667	0.5714	0.6875
M	192	0.8333	0.7143	0.9375
M	193	0.6667	0.2857	0.1250
M	194	0.5000	0.4286	0.2500
M	196	0.6667	0.2857	0.5625
M	198	0.8333	0.7143	0.9375
M	200	0.5000	0.2857	0.3750
M	201	0.6667	0.7143	0.5625
M	202	0.6667	0.5000	0.1250
M	203	0.8333	0.8571	0.9375
M	204	0.6667	0.5000	0.1875
M	205	0.8333	0.8571	0.8750
M	206	0.8333	0.8571	0.7500
M	207	0.8333	0.8571	0.9375
M	208	0.6667	0.7143	0.9375
M	211	0.8333	0.8571	0.9375
M	212	0.6667	0.8571	0.9375
M	213	0.8333	0.8571	0.9375
M	214	0.8333	0.7143	0.8125
M	216	0.8333	0.7143	0.9375
M	217	0.8333	0.8571	0.9375
M	221	0.5000	0.4286	0.6250
N	28	0.6000	0.4444	0.2667
N	30	0.6667	0.5000	0.1333
N	31	0.8000	0.8889	0.9333
N	32	0.8000	0.8889	0.8667
N	33	0.8000	0.8889	0.9333
N	34	0.8000	0.8889	0.9333
N	35	0.8000	0.8889	0.9333
N	38	0.8000	0.8889	0.9333
N	42	0.8000	0.8889	0.9333
N	44	0.8000	0.7778	0.7333
N	45	0.8000	0.8889	0.9333
N	52	0.8000	0.6667	0.5333
N	56	0.8000	0.8889	0.8667
N	57	0.8000	0.6667	0.8667
N	58	0.8000	0.8889	0.8000
N	59	0.8000	0.8889	0.9333
N	63	0.8000	0.7778	0.6667
N	64	0.6667	0.5000	0.1333
N	65	0.6667	0.4444	0.1333
N	66	0.8000	0.8889	0.9333
N	67	0.8000	0.8889	0.8667
N	68	0.6667	0.3333	0.4667
N	70	0.8000	0.8889	0.9333
N	71	0.8000	0.7778	0.9333
N	72	0.8000	0.7778	0.9333
N	73	0.6000	0.6667	0.8000
N	74	0.8000	0.7778	0.9333
N	75	0.6667	0.5556	0.3333
N	76	0.8000	0.8889	0.9333
N	77	0.8000	0.8889	0.9333
N	80	0.6667	0.8889	0.7333
N	81	0.6000	0.7778	0.8667
N	82	0.8000	0.8889	0.9333
N	83	0.6667	0.5000	0.1333
N	84	0.6667	0.4444	0.3333
N	85	0.8000	0.5556	0.8000
N	86	0.6000	0.2222	0.5333
N	87	0.8000	0.4444	0.6667
N	88	0.8000	0.8889	0.9333
N	89	0.6667	0.5556	0.2000
N	90	0.6667	0.3333	0.5000
N	92	0.6667	0.2222	0.2000
N	93	0.8000	0.8889	0.9333
N	94	0.6000	0.3333	0.5333
N	95	0.6667	0.5000	0.1333
N	97	0.6667	0.5000	0.1333
N	98	0.6000	0.7778	0.8667
N	100	0.8000	0.6667	0.9333
N	101	0.8000	0.7778	0.8000
N	103	0.8000	0.8889	0.9333
N	104	0.6667	0.5000	0.2000
N	105	0.6667	0.4444	0.1333
N	107	0.8000	0.8889	0.8667
N	108	0.6667	0.2222	0.1333
N	109	0.8000	0.7778	0.8000
N	111	0.6000	0.6667	0.6667
N	112	0.8000	0.2222	0.5333
N	113	0.8000	0.8889	0.8667
N	117	0.8000	0.7778	0.9333
N	118	0.6667	0.5556	0.6000
N	119	0.6667	0.3333	0.3333
N	120	0.8000	0.7778	0.7333
N	121	0.8000	0.8889	0.9333
N	122	0.6000	0.6667	0.6667
N	123	0.6000	0.5556	0.5333
N	124	0.8000	0.6667	0.6000
N	125	0.8000	0.7778	0.7333
N	126	0.6667	0.4444	0.3333
N	128	0.8000	0.8889	0.8667
N	129	0.8000	0.7778	0.7333
N	130	0.8000	0.7778	0.7333
N	131	0.8000	0.8889	0.8000
N	132	0.8000	0.3333	0.5333
N	133	0.6000	0.5000	0.2667
N	134	0.8000	0.8889	0.8000
N	136	0.8000	0.6667	0.6667
N	137	0.8000	0.8889	0.9333
N	138	0.6000	0.8889	0.8000
N	139	0.6667	0.5000	0.1333
N	140	0.6667	0.2222	0.2667
N	142	0.8000	0.6667	0.9333
N	143	0.6667	0.4444	0.4000
N	144	0.8000	0.8889	0.9333
N	146	0.6667	0.5000	0.1333
N	147	0.8000	0.5000	0.4000
N	148	0.6000	0.2222	0.4667
N	149	0.8000	0.8889	0.5333
N	150	0.8000	0.5556	0.6667
N	151	0.6667	0.3333	0.2000
N	152	0.8000	0.7778	0.9333
N	153	0.8000	0.8889	0.9333
N	154	0.6667	0.5000	0.2667
N	155	0.6000	0.5000	0.4000
N	156	0.6000	0.4444	0.1333
N	158	0.6000	0.5000	0.1333
N	159	0.6667	0.5000	0.1333
N	160	0.8000	0.8889	0.6000
N	161	0.8000	0.8889	0.8667
N	162	0.6000	0.3333	0.1333
N	163	0.6667	0.5000	0.1333
N	164	0.8000	0.8889	0.9333
N	165	0.8000	0.8889	0.8000
N	166	0.6667	0.5556	0.6000
N	169	0.8000	0.8889	0.9333
N	170	0.6667	0.5000	0.2000
N	171	0.8000	0.7778	0.8667
N	172	0.6000	0.6667	0.5333
N	173	0.6667	0.3333	0.1333
N	176	0.6000	0.7778	0.5333
N	177	0.6000	0.5556	0.7333
N	178	0.8000	0.8889	0.9333
N	179	0.8000	0.8889	0.9333
N	180	0.8000	0.8889	0.9333
N	182	0.8000	0.7778	0.8667
N	183	0.6667	0.2222	0.1333
N	184	0.8000	0.8889	0.9333
N	185	0.8000	0.8889	0.9333
N	186	0.6000	0.5556	0.2667
N	187	0.6000	0.7778	0.5333
N	189	0.6000	0.6667	0.5333
N	190	0.6667	0.3333	0.2667
N	191	0.8000	0.6667	0.6000
N	192	0.8000	0.7778	0.9333
N	193	0.6000	0.7778	0.6667
N	194	0.6667	0.3333	0.4000
N	196	0.6000	0.3333	0.5000
N	198	0.8000	0.8889	0.8667
N	200	0.8000	0.5000	0.4000
N	201	0.6667	0.5000	0.2667
N	202	0.6667	0.5000	0.2000
N	203	0.8000	0.8889	0.9333
N	204	0.6667	0.5556	0.4000
N	205	0.8000	0.8889	0.8667
N	206	0.8000	0.8889	0.7333
N	207	0.8000	0.8889	0.9333
N	211	0.8000	0.8889	0.9333
N	213	0.8000	0.8889	0.9333
N	214	0.8000	0.7778	0.8000
N	216	0.8000	0.7778	0.9333
N	217	0.8000	0.8889	0.9333
N	218	0.6000	0.5000	0.4000
N	221	0.8000	0.6667	0.4000
T	28	0.7500	0.4000	0.3000
T	30	0.6667	0.5000	0.1000
T	31	0.7500	0.8000	0.9500
T	32	0.7500	0.8000	0.9000
T	33	0.7500	0.8000	0.9500
T	34	0.7500	0.8000	0.9500
T	35	0.7500	0.8000	0.9500
T	38	0.7500	0.8000	0.9500
T	42	0.7500	0.8000	0.9500
T	44	0.7500	0.6000	0.8000
T	45	0.7500	0.8000	0.9500
T	52	0.7500	0.8000	0.5500
T	56	0.7500	0.8000	0.9000
T	57	0.7500	0.8000	0.8000
T	58	0.7500	0.8000	0.8500
T	59	0.7500	0.8000	0.9500
T	63	0.7500	0.6000	0.7500
T	64	0.6667	0.8000	0.9000
T	65	0.6667	0.6000	0.7500
T	66	0.7500	0.8000	0.9500
T	67	0.7500	0.8000	0.9000
T	68	0.6667	0.6000	0.4500
T	70	0.7500	0.8000	0.9500
T	71	0.7500	0.8000	0.9000
T	72	0.7500	0.8000	0.9000
T	73	0.7500	0.6000	0.7500
T	74	0.7500	0.6000	0.9500
T	75	0.6667	0.5000	0.1000
T	76	0.7500	0.8000	0.9500
T	77	0.7500	0.8000	0.9500
T	80	0.6667	0.5000	0.2000
T	81	0.7500	0.6000	0.8500
T	82	0.7500	0.8000	0.9500
T	83	0.6667	0.5000	0.3500
T	84	0.6667	0.4000	0.4000
T	85	0.7500	0.6000	0.7500
T	86	0.6667	0.5000	0.2000
T	87	0.7500	0.6000	0.6000
T	88	0.7500	0.8000	0.9500
T	90	0.6667	0.4000	0.2000
T	91	0.6667	0.5000	0.2500
T	92	0.6667	0.6000	0.5500
T	93	0.7500	0.8000	0.9500
T	94	0.6667	0.6000	0.2000
T	95	0.6667	0.6000	0.3500
T	97	0.6667	0.8000	0.7000
T	100	0.7500	0.6000	0.9000
T	101	0.7500	0.6000	0.8500
T	103	0.7500	0.8000	0.9500
T	104	0.6667	0.8000	0.8000
T	105	0.6667	0.4000	0.6000
T	107	0.7500	0.8000	0.9000
T	108	0.6667	0.5000	0.1500
T	109	0.7500	0.8000	0.8000
T	110	0.6667	0.8000	0.9500
T	111	0.7500	0.8000	0.6000
T	112	0.7500	0.5000	0.5000
T	113	0.7500	0.8000	0.9000
T	117	0.7500	0.6000	0.9500
T	118	0.6667	0.4000	0.2000
T	119	0.6667	0.6000	0.2500
T	120	0.7500	0.6000	0.8000
T	121	0.7500	0.8000	0.9500
T	124	0.7500	0.8000	0.6000
T	125	0.7500	0.6000	0.8000
T	126	0.6667	0.6000	0.4500
T	128	0.7500	0.8000	0.9000
T	129	0.7500	0.6000	0.8000
T	130	0.7500	0.6000	0.8000
T	131	0.7500	0.8000	0.8500
T	132	0.7500	0.6000	0.4500
T	133	0.6667	0.4000	0.4000
T	134	0.7500	0.8000	0.8500
T	136	0.7500	0.6000	0.7000
T	137	0.7500	0.8000	0.9500
T	138	0.7500	0.8000	0.8000
T	139	0.6667	0.5000	0.1000
T	142	0.7500	0.8000	0.8500
T	143	0.6667	0.5000	0.3000
T	144	0.7500	0.8000	0.9500
T	146	0.6667	0.4000	0.8000
T	147	0.7500	0.5000	0.3500
T	148	0.6667	0.5000	0.1500
T	149	0.7500	0.8000	0.6500
T	150	0.7500	0.6000	0.6500
T	151	0.6667	0.5000	0.3000
T	152	0.7500	0.6000	0.9500
T	153	0.7500	0.8000	0.9500
T	156	0.7500	0.4000	0.2000
T	158	0.6667	0.5000	0.1000
T	159	0.6667	0.4000	0.6500
T	160	0.7500	0.8000	0.7000
T	161	0.7500	0.8000	0.9000
T	162	0.7500	0.4000	0.1500
T	163	0.6667	0.8000	0.4500
T	164	0.7500	0.8000	0.9500
T	165	0.7500	0.8000	0.8500
T	169	0.7500	0.8000	0.9500
T	170	0.6667	0.6000	0.8500
T	171	0.7500	0.8000	0.8500
T	172	0.6667	0.5000	0.4000
T	173	0.6667	0.5000	0.5000
T	174	0.6667	0.5000	0.1500
T	177	0.6667	0.6000	0.2500
T	178	0.7500	0.8000	0.9500
T	179	0.7500	0.8000	0.9500
T	180	0.7500	0.8000	0.9500
T	182	0.7500	0.8000	0.8500
T	183	0.6667	0.5000	0.4000
T	184	0.7500	0.8000	0.9500
T	185	0.7500	0.8000	0.9500
T	186	0.6667	0.5000	0.4000
T	187	0.6667	0.5000	0.2500
T	189	0.6667	0.5000	0.4500
T	190	0.6667	0.4000	0.6000
T	191	0.7500	0.4000	0.7000
T	192	0.7500	0.8000	0.9000
T	193	0.7500	0.6000	0.7000
T	194	0.6667	0.5000	0.1000
T	196	0.7500	0.4000	0.1000
T	198	0.7500	0.8000	0.9000
T	200	0.7500	0.5000	0.3500
T	201	0.6667	0.5000	0.1500
T	202	0.6667	0.8000	0.6500
T	203	0.7500	0.8000	0.9500
T	204	0.6667	0.4000	0.3000
T	205	0.7500	0.8000	0.9000
T	206	0.7500	0.8000	0.8000
T	207	0.7500	0.8000	0.9500
T	208	0.6667	0.8000	0.9000
T	211	0.7500	0.8000	0.9500
T	212	0.6667	0.8000	0.9500
T	213	0.7500	0.8000	0.9500
T	214	0.7500	0.6000	0.8500
T	216	0.7500	0.8000	0.9000
T	217	0.7500	0.8000	0.9500
T	218	0.7500	0.5000	0.3000
T	221	0.7500	0.6000	0.5000
U	28	0.6667	0.6667	0.2778
U	30	0.6000	0.5000	0.5000
U	31	0.8000	0.8333	0.9444
U	32	0.8000	0.8333	0.8889
U	33	0.8000	0.8333	0.9444
U	34	0.8000	0.8333	0.9444
U	35	0.8000	0.8333	0.9444
U	38	0.8000	0.8333	0.9444
U	42	0.8000	0.8333	0.9444
U	44	0.6000	0.5000	0.1111
U	45	0.8000	0.8333	0.9444
U	52	0.8000	0.6667	0.5556
U	56	0.8000	0.8333	0.8889
U	57	0.8000	0.6667	0.8333
U	58	0.8000	0.8333	0.8333
U	59	0.8000	0.8333	0.9444
U	63	0.8000	0.8333	0.6667
U	64	0.8000	0.6667	0.8889
U	65	0.6667	0.3333	0.2222
U	66	0.8000	0.8333	0.9444
U	67	0.6000	0.8333	0.9444
U	68	0.6667	0.5000	0.5000
U	70	0.8000	0.8333	0.9444
U	71	0.8000	0.8333	0.8889
U	72	0.8000	0.8333	0.8889
U	73	0.6000	0.5000	0.1667
U	76	0.8000	0.8333	0.9444
U	77	0.8000	0.8333	0.9444
U	80	0.8000	0.6667	0.7222
U	82	0.8000	0.8333	0.9444
U	83	0.6667	0.5000	0.1667
U	84	0.6667	0.5000	0.3333
U	85	0.6667	0.8333	0.7778
U	86	0.6667	0.5000	0.4444
U	87	0.6667	0.6667	0.6667
U	88	0.8000	0.8333	0.9444
U	90	0.6667	0.3333	0.1111
U	91	0.6667	0.3333	0.1667
U	92	0.6667	0.5000	0.1111
U	93	0.8000	0.8333	0.9444
U	94	0.6667	0.3333	0.2778
U	95	0.6667	0.5000	0.4444
U	97	0.8000	0.5000	0.7222
U	98	0.8000	0.6667	0.8333
U	100	0.6000	0.8333	0.8889
U	101	0.6000	0.6667	0.8889
U	103	0.8000	0.8333	0.9444
U	104	0.8000	0.6667	0.7778
U	105	0.6000	0.6667	0.5000
U	107	0.8000	0.8333	0.8889
U	109	0.8000	0.8333	0.7778
U	110	0.8000	0.6667	0.9444
U	111	0.8000	0.6667	0.6111
U	112	0.6000	0.5000	0.4444
U	113	0.8000	0.8333	0.8889
U	117	0.6000	0.8333	0.9444
U	118	0.6667	0.5000	0.1667
U	119	0.6000	0.3333	0.2778
U	120	0.6000	0.6667	0.8333
U	121	0.8000	0.8333	0.9444
U	122	0.8000	0.6667	0.6111
U	123	0.6000	0.5000	0.5556
U	124	0.8000	0.6667	0.6111
U	125	0.6000	0.6667	0.8333
U	126	0.8000	0.6667	0.3333
U	128	0.8000	0.8333	0.8889
U	129	0.6000	0.6667	0.8333
U	130	0.6000	0.6667	0.8333
U	131	0.8000	0.8333	0.8333
U	132	0.6667	0.5000	0.1111
U	133	0.6000	0.5000	0.1111
U	134	0.8000	0.8333	0.8333
U	137	0.8000	0.8333	0.9444
U	138	0.6000	0.8333	0.8333
U	139	0.6000	0.3333	0.7222
U	140	0.6667	0.5000	0.2222
U	142	0.8000	0.8333	0.8333
U	143	0.6667	0.5000	0.3889
U	144	0.8000	0.8333	0.9444
U	146	0.6667	0.3333	0.5000
U	147	0.6667	0.5000	0.1667
U	148	0.6000	0.3333	0.3889
U	149	0.8000	0.6667	0.6667
U	150	0.6000	0.8333	0.6111
U	151	0.6000	0.5000	0.2778
U	153	0.8000	0.8333	0.9444
U	154	0.6667	0.3333	0.2222
U	155	0.6000	0.5000	0.2778
U	156	0.6667	0.5000	0.2222
U	158	0.8000	0.5000	0.7778
U	159	0.6000	0.5000	0.6111
U	160	0.6000	0.8333	0.7222
U	161	0.8000	0.8333	0.8889
U	162	0.6667	0.5000	0.2778
U	163	0.6000	0.6667	0.4444
U	164	0.8000	0.8333	0.9444
U	165	0.8000	0.6667	0.8889
U	169	0.8000	0.8333	0.9444
U	170	0.6000	0.6667	0.8333
U	171	0.8000	0.6667	0.8889
U	172	0.6000	0.3333	0.6667
U	174	0.6000	0.5000	0.3889
U	176	0.8000	0.6667	0.5556
U	177	0.6000	0.3333	0.2778
U	178	0.8000	0.8333	0.9444
U	179	0.8000	0.8333	0.9444
U	180	0.8000	0.8333	0.9444
U	182	0.8000	0.8333	0.8333
U	183	0.6000	0.3333	0.3333
U	184	0.8000	0.8333	0.9444
U	185	0.8000	0.8333	0.9444
U	186	0.6000	0.5000	0.5000
U	187	0.8000	0.6667	0.5556
U	189	0.8000	0.5000	0.5556
U	190	0.6000	0.5000	0.1667
U	191	0.6000	0.3333	0.2778
U	192	0.8000	0.8333	0.8889
U	193	0.6000	0.6667	0.7222
U	194	0.8000	0.3333	0.2222
U	196	0.8000	0.3333	0.5000
U	198	0.8000	0.8333	0.8889
U	200	0.8000	0.5000	0.7222
U	201	0.8000	0.5000	0.7222
U	202	0.8000	0.3333	0.7222
U	203	0.8000	0.8333	0.9444
U	204	0.6667	0.5000	0.4444
U	205	0.8000	0.8333	0.8889
U	206	0.8000	0.6667	0.8333
U	207	0.8000	0.8333	0.9444
U	208	0.8000	0.6667	0.8889
U	211	0.8000	0.8333	0.9444
U	212	0.8000	0.6667	0.9444
U	213	0.8000	0.8333	0.9444
U	214	0.8000	0.6667	0.8333
U	216	0.8000	0.8333	0.8889
U	217	0.8000	0.8333	0.9444
U	218	0.6000	0.5000	0.6667
U	221	0.6000	0.8333	0.4444
